0	0	0	0	0
1	131001	0	1	0
2	131002	0	2	0
3	131003	0	3	0
4	131004	0	4	0
5	131005	0	5	0
6	131006	0	6	0
7	131007	0	7	0
8	131008	0	8	0
9	131009	0	9	0
10	131010	0	10	0
11	131011	0	11	0
12	131012	0	12	0
13	131013	0	13	0
14	131014	0	14	0
15	131015	0	51	0
16	131016	0	52	0
17	131017	0	53	0
18	131018	0	54	0
19	131020	26	101	1
20	131022	0	104	0
21	131021	0	102	0
22	131023	0	105	0
23	131019	228	61	1
24	131024	0	106	0
25	131025	0	107	0
26	131026	0	108	0
27	131028	0	111	0
28	131029	243	112	1
29	131027	0	109	0
30	131030	0	114	0
31	0	0	0	0
32	0	0	0	0
33	0	0	0	0
34	0	0	0	0
35	0	0	0	0
36	0	0	0	0
37	0	0	0	0
38	0	0	0	0
39	0	0	0	0
40	0	0	0	0
41	0	0	0	0
42	0	0	0	0
43	0	0	0	0
44	0	0	0	0
45	0	0	0	0
46	0	0	0	0
47	0	0	0	0
48	0	0	0	0
49	0	0	0	0
50	0	0	0	0
51	0	0	0	0
52	0	0	0	0
53	0	0	0	0
54	0	0	0	0
55	0	0	0	0
56	0	0	0	0
57	0	0	0	0
58	0	0	0	0
59	0	0	0	0
60	0	0	0	0
61	0	0	0	0
62	0	0	0	0
63	0	0	0	0
64	0	0	0	0
65	0	0	0	0
66	0	0	0	0
67	0	0	0	0
68	0	0	0	0
69	0	0	0	0
70	0	0	0	0
71	0	0	0	0
72	0	0	0	0
73	0	0	0	0
74	0	0	0	0
75	0	0	0	0
76	0	0	0	0
77	0	0	0	0
78	0	0	0	0
79	0	0	0	0
80	0	0	0	0
81	0	0	0	0
82	0	0	0	0
83	0	0	0	0
84	0	0	0	0
85	0	0	0	0
86	0	0	0	0
87	0	0	0	0
88	0	0	0	0
89	0	0	0	0
90	0	0	0	0
91	0	0	0	0
92	0	0	0	0
93	0	0	0	0
94	0	0	0	0
95	0	0	0	0
96	0	0	0	0
97	0	0	0	0
98	0	0	0	0
99	0	0	0	0
100	0	0	0	0
101	131201	0	1	0
102	131202	0	2	0
103	131203	0	3	0
104	131204	0	4	0
105	131205	0	5	0
106	131206	0	6	0
107	131207	0	7	0
108	131208	0	8	0
109	131209	0	9	0
110	131210	0	10	0
111	131211	0	11	0
112	131212	0	12	0
113	131213	0	13	0
114	131214	0	14	0
115	131215	0	15	0
116	131216	0	51	0
117	131217	0	52	0
118	131218	0	53	0
119	131219	0	54	0
120	131221	26	101	1
121	131223	0	104	0
122	131222	0	102	0
123	131224	0	105	0
124	131220	228	61	1
125	131225	0	106	0
126	131226	0	107	0
127	131227	0	108	0
128	131229	0	111	0
129	131230	243	112	1
130	131228	0	110	0
131	131231	0	115	0
132	0	0	0	0
133	0	0	0	0
134	0	0	0	0
135	0	0	0	0
136	0	0	0	0
137	0	0	0	0
138	0	0	0	0
139	0	0	0	0
140	0	0	0	0
141	0	0	0	0
142	0	0	0	0
143	0	0	0	0
144	0	0	0	0
145	0	0	0	0
146	0	0	0	0
147	0	0	0	0
148	0	0	0	0
149	0	0	0	0
150	0	0	0	0
151	0	0	0	0
152	0	0	0	0
153	0	0	0	0
154	0	0	0	0
155	0	0	0	0
156	0	0	0	0
157	0	0	0	0
158	0	0	0	0
159	0	0	0	0
160	0	0	0	0
161	0	0	0	0
162	0	0	0	0
163	0	0	0	0
164	0	0	0	0
165	0	0	0	0
166	0	0	0	0
167	0	0	0	0
168	0	0	0	0
169	0	0	0	0
170	0	0	0	0
171	0	0	0	0
172	0	0	0	0
173	0	0	0	0
174	0	0	0	0
175	0	0	0	0
176	0	0	0	0
177	0	0	0	0
178	0	0	0	0
179	0	0	0	0
180	0	0	0	0
181	0	0	0	0
182	0	0	0	0
183	0	0	0	0
184	0	0	0	0
185	0	0	0	0
186	0	0	0	0
187	0	0	0	0
188	0	0	0	0
189	0	0	0	0
190	0	0	0	0
191	0	0	0	0
192	0	0	0	0
193	0	0	0	0
194	0	0	0	0
195	0	0	0	0
196	0	0	0	0
197	0	0	0	0
198	0	0	0	0
199	0	0	0	0
200	0	0	0	0
201	131501	0	1	0
202	131502	0	2	0
203	131503	0	3	0
204	131504	0	4	0
205	131505	0	5	0
206	131506	0	6	0
207	131507	0	7	0
208	131508	0	8	0
209	131509	0	9	0
210	131510	0	10	0
211	131511	0	11	0
212	131512	0	12	0
213	131513	0	13	0
214	131514	0	51	0
215	131515	0	52	0
216	131516	0	53	0
217	131518	26	101	1
218	131520	0	103	0
219	131521	0	104	0
220	131519	0	102	0
221	131522	0	105	0
222	131523	0	106	0
223	131517	228	61	1
224	131524	0	107	0
225	131525	0	108	0
226	131527	0	111	0
227	131528	243	112	1
228	131526	0	109	0
229	131529	0	114	0
230	0	0	0	0
231	0	0	0	0
232	0	0	0	0
233	0	0	0	0
234	0	0	0	0
235	0	0	0	0
236	0	0	0	0
237	0	0	0	0
238	0	0	0	0
239	0	0	0	0
240	0	0	0	0
241	0	0	0	0
242	0	0	0	0
243	0	0	0	0
244	0	0	0	0
245	0	0	0	0
246	0	0	0	0
247	0	0	0	0
248	0	0	0	0
249	0	0	0	0
250	0	0	0	0
251	0	0	0	0
252	0	0	0	0
253	0	0	0	0
254	0	0	0	0
255	0	0	0	0
256	0	0	0	0
257	0	0	0	0
258	0	0	0	0
259	0	0	0	0
260	0	0	0	0
261	0	0	0	0
262	0	0	0	0
263	0	0	0	0
264	0	0	0	0
265	0	0	0	0
266	0	0	0	0
267	0	0	0	0
268	0	0	0	0
269	0	0	0	0
270	0	0	0	0
271	0	0	0	0
272	0	0	0	0
273	0	0	0	0
274	0	0	0	0
275	0	0	0	0
276	0	0	0	0
277	0	0	0	0
278	0	0	0	0
279	0	0	0	0
280	0	0	0	0
281	0	0	0	0
282	0	0	0	0
283	0	0	0	0
284	0	0	0	0
285	0	0	0	0
286	0	0	0	0
287	0	0	0	0
288	0	0	0	0
289	0	0	0	0
290	0	0	0	0
291	0	0	0	0
292	0	0	0	0
293	0	0	0	0
294	0	0	0	0
295	0	0	0	0
296	0	0	0	0
297	0	0	0	0
298	0	0	0	0
299	0	0	0	0
300	0	0	0	0
301	131701	0	1	0
302	131702	0	2	0
303	131703	0	3	0
304	131704	0	4	0
305	131705	0	5	0
306	131706	0	6	0
307	131707	0	7	0
308	131708	0	8	0
309	131709	0	9	0
310	131710	0	10	0
311	131711	0	11	0
312	131712	0	12	0
313	131714	26	101	1
314	131716	0	103	0
315	131717	0	104	0
316	131715	0	102	0
317	131718	0	105	0
318	131719	0	106	0
319	131713	228	61	1
320	131720	0	107	0
321	131721	0	108	0
322	131723	0	111	0
323	131724	243	112	1
324	131722	0	110	0
325	131725	0	115	0
326	0	0	0	0
327	0	0	0	0
328	0	0	0	0
329	0	0	0	0
330	0	0	0	0
331	0	0	0	0
332	0	0	0	0
333	0	0	0	0
334	0	0	0	0
335	0	0	0	0
336	0	0	0	0
337	0	0	0	0
338	0	0	0	0
339	0	0	0	0
340	0	0	0	0
341	0	0	0	0
342	0	0	0	0
343	0	0	0	0
344	0	0	0	0
345	0	0	0	0
346	0	0	0	0
347	0	0	0	0
348	0	0	0	0
349	0	0	0	0
350	0	0	0	0
351	0	0	0	0
352	0	0	0	0
353	0	0	0	0
354	0	0	0	0
355	0	0	0	0
356	0	0	0	0
357	0	0	0	0
358	0	0	0	0
359	0	0	0	0
360	0	0	0	0
361	0	0	0	0
362	0	0	0	0
363	0	0	0	0
364	0	0	0	0
365	0	0	0	0
366	0	0	0	0
367	0	0	0	0
368	0	0	0	0
369	0	0	0	0
370	0	0	0	0
371	0	0	0	0
372	0	0	0	0
373	0	0	0	0
374	0	0	0	0
375	0	0	0	0
376	0	0	0	0
377	0	0	0	0
378	0	0	0	0
379	0	0	0	0
380	0	0	0	0
381	0	0	0	0
382	0	0	0	0
383	0	0	0	0
384	0	0	0	0
385	0	0	0	0
386	0	0	0	0
387	0	0	0	0
388	0	0	0	0
389	0	0	0	0
390	0	0	0	0
391	0	0	0	0
392	0	0	0	0
393	0	0	0	0
394	0	0	0	0
395	0	0	0	0
396	0	0	0	0
397	0	0	0	0
398	0	0	0	0
399	0	0	0	0
400	0	0	0	0
401	132001	0	1	0
402	132002	0	2	0
403	132003	0	3	0
404	132004	0	4	0
405	132005	0	5	0
406	132006	0	6	0
407	132007	0	7	0
408	132008	0	8	0
409	132009	0	9	0
410	132010	0	10	0
411	132011	0	11	0
412	132012	0	12	0
413	132014	26	101	1
414	132016	0	103	0
415	132017	0	104	0
416	132018	0	105	0
417	132015	0	102	0
418	132013	228	61	1
419	132019	0	106	0
420	132020	0	107	0
421	132021	0	108	0
422	132023	0	111	0
423	132024	243	112	1
424	132022	0	109	0
425	132025	0	114	0
426	0	0	0	0
427	0	0	0	0
428	0	0	0	0
429	0	0	0	0
430	0	0	0	0
431	0	0	0	0
432	0	0	0	0
433	0	0	0	0
434	0	0	0	0
435	0	0	0	0
436	0	0	0	0
437	0	0	0	0
438	0	0	0	0
439	0	0	0	0
440	0	0	0	0
441	0	0	0	0
442	0	0	0	0
443	0	0	0	0
444	0	0	0	0
445	0	0	0	0
446	0	0	0	0
447	0	0	0	0
448	0	0	0	0
449	0	0	0	0
450	0	0	0	0
451	0	0	0	0
452	0	0	0	0
453	0	0	0	0
454	0	0	0	0
455	0	0	0	0
456	0	0	0	0
457	0	0	0	0
458	0	0	0	0
459	0	0	0	0
460	0	0	0	0
461	0	0	0	0
462	0	0	0	0
463	0	0	0	0
464	0	0	0	0
465	0	0	0	0
466	0	0	0	0
467	0	0	0	0
468	0	0	0	0
469	0	0	0	0
470	0	0	0	0
471	0	0	0	0
472	0	0	0	0
473	0	0	0	0
474	0	0	0	0
475	0	0	0	0
476	0	0	0	0
477	0	0	0	0
478	0	0	0	0
479	0	0	0	0
480	0	0	0	0
481	0	0	0	0
482	0	0	0	0
483	0	0	0	0
484	0	0	0	0
485	0	0	0	0
486	0	0	0	0
487	0	0	0	0
488	0	0	0	0
489	0	0	0	0
490	0	0	0	0
491	0	0	0	0
492	0	0	0	0
493	0	0	0	0
494	0	0	0	0
495	0	0	0	0
496	0	0	0	0
497	0	0	0	0
498	0	0	0	0
499	0	0	0	0
500	0	0	0	0
501	132201	0	1	0
502	132202	0	2	0
503	132203	0	3	0
504	132204	0	4	0
505	132205	0	5	0
506	132206	0	6	0
507	132207	0	7	0
508	132208	0	8	0
509	132209	0	9	0
510	132210	0	10	0
511	132211	0	11	0
512	132212	0	12	0
513	132213	0	51	0
514	132214	0	52	0
515	132215	0	53	0
516	132216	0	54	0
517	132218	26	101	1
518	132220	0	103	0
519	132221	0	104	0
520	132222	0	105	0
521	132219	0	102	0
522	132217	228	61	1
523	132223	0	106	0
524	132224	0	107	0
525	132225	0	108	0
526	132227	0	111	0
527	132228	243	112	1
528	132226	0	110	0
529	132229	0	115	0
530	0	0	0	0
531	0	0	0	0
532	0	0	0	0
533	0	0	0	0
534	0	0	0	0
535	0	0	0	0
536	0	0	0	0
537	0	0	0	0
538	0	0	0	0
539	0	0	0	0
540	0	0	0	0
541	0	0	0	0
542	0	0	0	0
543	0	0	0	0
544	0	0	0	0
545	0	0	0	0
546	0	0	0	0
547	0	0	0	0
548	0	0	0	0
549	0	0	0	0
550	0	0	0	0
551	0	0	0	0
552	0	0	0	0
553	0	0	0	0
554	0	0	0	0
555	0	0	0	0
556	0	0	0	0
557	0	0	0	0
558	0	0	0	0
559	0	0	0	0
560	0	0	0	0
561	0	0	0	0
562	0	0	0	0
563	0	0	0	0
564	0	0	0	0
565	0	0	0	0
566	0	0	0	0
567	0	0	0	0
568	0	0	0	0
569	0	0	0	0
570	0	0	0	0
571	0	0	0	0
572	0	0	0	0
573	0	0	0	0
574	0	0	0	0
575	0	0	0	0
576	0	0	0	0
577	0	0	0	0
578	0	0	0	0
579	0	0	0	0
580	0	0	0	0
581	0	0	0	0
582	0	0	0	0
583	0	0	0	0
584	0	0	0	0
585	0	0	0	0
586	0	0	0	0
587	0	0	0	0
588	0	0	0	0
589	0	0	0	0
590	0	0	0	0
591	0	0	0	0
592	0	0	0	0
593	0	0	0	0
594	0	0	0	0
595	0	0	0	0
596	0	0	0	0
597	0	0	0	0
598	0	0	0	0
599	0	0	0	0
600	0	0	0	0
601	133001	0	1	0
602	133002	0	2	0
603	133003	0	3	0
604	133004	0	4	0
605	133005	0	5	0
606	133006	0	6	0
607	133007	0	7	0
608	133008	0	8	0
609	133009	0	9	0
610	133010	0	10	0
611	133011	0	11	0
612	133012	0	12	0
613	133013	0	13	0
614	133015	26	101	1
615	133017	0	103	0
616	133018	0	104	0
617	133016	0	102	0
618	133019	0	105	0
619	133014	228	61	1
620	133020	0	106	0
621	133021	0	107	0
622	133022	0	108	0
623	133024	0	111	0
624	133025	243	112	1
625	133023	0	109	0
626	133026	0	114	0
627	0	0	0	0
628	0	0	0	0
629	0	0	0	0
630	0	0	0	0
631	0	0	0	0
632	0	0	0	0
633	0	0	0	0
634	0	0	0	0
635	0	0	0	0
636	0	0	0	0
637	0	0	0	0
638	0	0	0	0
639	0	0	0	0
640	0	0	0	0
641	0	0	0	0
642	0	0	0	0
643	0	0	0	0
644	0	0	0	0
645	0	0	0	0
646	0	0	0	0
647	0	0	0	0
648	0	0	0	0
649	0	0	0	0
650	0	0	0	0
651	0	0	0	0
652	0	0	0	0
653	0	0	0	0
654	0	0	0	0
655	0	0	0	0
656	0	0	0	0
657	0	0	0	0
658	0	0	0	0
659	0	0	0	0
660	0	0	0	0
661	0	0	0	0
662	0	0	0	0
663	0	0	0	0
664	0	0	0	0
665	0	0	0	0
666	0	0	0	0
667	0	0	0	0
668	0	0	0	0
669	0	0	0	0
670	0	0	0	0
671	0	0	0	0
672	0	0	0	0
673	0	0	0	0
674	0	0	0	0
675	0	0	0	0
676	0	0	0	0
677	0	0	0	0
678	0	0	0	0
679	0	0	0	0
680	0	0	0	0
681	0	0	0	0
682	0	0	0	0
683	0	0	0	0
684	0	0	0	0
685	0	0	0	0
686	0	0	0	0
687	0	0	0	0
688	0	0	0	0
689	0	0	0	0
690	0	0	0	0
691	0	0	0	0
692	0	0	0	0
693	0	0	0	0
694	0	0	0	0
695	0	0	0	0
696	0	0	0	0
697	0	0	0	0
698	0	0	0	0
699	0	0	0	0
700	0	0	0	0
701	133201	0	1	0
702	133202	0	2	0
703	133203	0	3	0
704	133204	0	4	0
705	133205	0	5	0
706	133206	0	6	0
707	133207	0	7	0
708	133208	0	8	0
709	133209	0	9	0
710	133210	0	10	0
711	133211	0	11	0
712	133212	0	12	0
713	133213	0	13	0
714	133214	0	51	0
715	133215	0	52	0
716	133216	0	53	0
717	133218	26	101	1
718	133220	0	103	0
719	133221	0	104	0
720	133219	0	102	0
721	133222	0	105	0
722	133217	228	61	1
723	133223	0	106	0
724	133224	0	107	0
725	133225	0	108	0
726	133227	0	111	0
727	133228	243	112	1
728	133226	0	110	0
729	133229	0	115	0
730	0	0	0	0
731	0	0	0	0
732	0	0	0	0
733	0	0	0	0
734	0	0	0	0
735	0	0	0	0
736	0	0	0	0
737	0	0	0	0
738	0	0	0	0
739	0	0	0	0
740	0	0	0	0
741	0	0	0	0
742	0	0	0	0
743	0	0	0	0
744	0	0	0	0
745	0	0	0	0
746	0	0	0	0
747	0	0	0	0
748	0	0	0	0
749	0	0	0	0
750	0	0	0	0
751	0	0	0	0
752	0	0	0	0
753	0	0	0	0
754	0	0	0	0
755	0	0	0	0
756	0	0	0	0
757	0	0	0	0
758	0	0	0	0
759	0	0	0	0
760	0	0	0	0
761	0	0	0	0
762	0	0	0	0
763	0	0	0	0
764	0	0	0	0
765	0	0	0	0
766	0	0	0	0
767	0	0	0	0
768	0	0	0	0
769	0	0	0	0
770	0	0	0	0
771	0	0	0	0
772	0	0	0	0
773	0	0	0	0
774	0	0	0	0
775	0	0	0	0
776	0	0	0	0
777	0	0	0	0
778	0	0	0	0
779	0	0	0	0
780	0	0	0	0
781	0	0	0	0
782	0	0	0	0
783	0	0	0	0
784	0	0	0	0
785	0	0	0	0
786	0	0	0	0
787	0	0	0	0
788	0	0	0	0
789	0	0	0	0
790	0	0	0	0
791	0	0	0	0
792	0	0	0	0
793	0	0	0	0
794	0	0	0	0
795	0	0	0	0
796	0	0	0	0
797	0	0	0	0
798	0	0	0	0
799	0	0	0	0
800	0	0	0	0
801	134001	0	1	0
802	134002	0	2	0
803	134003	0	3	0
804	134004	0	4	0
805	134005	0	5	0
806	134006	0	6	0
807	134007	0	7	0
808	134008	0	8	0
809	134009	0	9	0
810	134010	0	10	0
811	134011	0	11	0
812	134012	0	12	0
813	134014	26	101	1
814	134016	0	103	0
815	134015	0	102	0
816	134017	0	105	0
817	134013	228	61	1
818	134018	0	106	0
819	134020	0	108	0
820	134019	0	107	0
821	134022	0	111	0
822	134023	243	112	1
823	134021	0	109	0
824	134024	0	114	0
825	0	0	0	0
826	0	0	0	0
827	0	0	0	0
828	0	0	0	0
829	0	0	0	0
830	0	0	0	0
831	0	0	0	0
832	0	0	0	0
833	0	0	0	0
834	0	0	0	0
835	0	0	0	0
836	0	0	0	0
837	0	0	0	0
838	0	0	0	0
839	0	0	0	0
840	0	0	0	0
841	0	0	0	0
842	0	0	0	0
843	0	0	0	0
844	0	0	0	0
845	0	0	0	0
846	0	0	0	0
847	0	0	0	0
848	0	0	0	0
849	0	0	0	0
850	0	0	0	0
851	0	0	0	0
852	0	0	0	0
853	0	0	0	0
854	0	0	0	0
855	0	0	0	0
856	0	0	0	0
857	0	0	0	0
858	0	0	0	0
859	0	0	0	0
860	0	0	0	0
861	0	0	0	0
862	0	0	0	0
863	0	0	0	0
864	0	0	0	0
865	0	0	0	0
866	0	0	0	0
867	0	0	0	0
868	0	0	0	0
869	0	0	0	0
870	0	0	0	0
871	0	0	0	0
872	0	0	0	0
873	0	0	0	0
874	0	0	0	0
875	0	0	0	0
876	0	0	0	0
877	0	0	0	0
878	0	0	0	0
879	0	0	0	0
880	0	0	0	0
881	0	0	0	0
882	0	0	0	0
883	0	0	0	0
884	0	0	0	0
885	0	0	0	0
886	0	0	0	0
887	0	0	0	0
888	0	0	0	0
889	0	0	0	0
890	0	0	0	0
891	0	0	0	0
892	0	0	0	0
893	0	0	0	0
894	0	0	0	0
895	0	0	0	0
896	0	0	0	0
897	0	0	0	0
898	0	0	0	0
899	0	0	0	0
900	0	0	0	0
901	134201	0	1	0
902	134202	0	2	0
903	134203	0	3	0
904	134204	0	4	0
905	134205	0	5	0
906	134206	0	6	0
907	134207	0	7	0
908	134208	0	8	0
909	134209	0	9	0
910	134210	0	10	0
911	134211	0	11	0
912	134212	0	12	0
913	134213	0	51	0
914	134214	0	52	0
915	134215	0	53	0
916	134216	0	54	0
917	134217	0	55	0
918	134219	26	101	1
919	134221	0	103	0
920	134220	0	102	0
921	134222	0	105	0
922	134218	228	61	1
923	134223	0	106	0
924	134225	0	108	0
925	134224	0	107	0
926	134227	0	111	0
927	134228	243	112	1
928	134226	0	110	0
929	134229	0	115	0
930	0	0	0	0
931	0	0	0	0
932	0	0	0	0
933	0	0	0	0
934	0	0	0	0
935	0	0	0	0
936	0	0	0	0
937	0	0	0	0
938	0	0	0	0
939	0	0	0	0
940	0	0	0	0
941	0	0	0	0
942	0	0	0	0
943	0	0	0	0
944	0	0	0	0
945	0	0	0	0
946	0	0	0	0
947	0	0	0	0
948	0	0	0	0
949	0	0	0	0
950	0	0	0	0
951	0	0	0	0
952	0	0	0	0
953	0	0	0	0
954	0	0	0	0
955	0	0	0	0
956	0	0	0	0
957	0	0	0	0
958	0	0	0	0
959	0	0	0	0
960	0	0	0	0
961	0	0	0	0
962	0	0	0	0
963	0	0	0	0
964	0	0	0	0
965	0	0	0	0
966	0	0	0	0
967	0	0	0	0
968	0	0	0	0
969	0	0	0	0
970	0	0	0	0
971	0	0	0	0
972	0	0	0	0
973	0	0	0	0
974	0	0	0	0
975	0	0	0	0
976	0	0	0	0
977	0	0	0	0
978	0	0	0	0
979	0	0	0	0
980	0	0	0	0
981	0	0	0	0
982	0	0	0	0
983	0	0	0	0
984	0	0	0	0
985	0	0	0	0
986	0	0	0	0
987	0	0	0	0
988	0	0	0	0
989	0	0	0	0
990	0	0	0	0
991	0	0	0	0
992	0	0	0	0
993	0	0	0	0
994	0	0	0	0
995	0	0	0	0
996	0	0	0	0
997	0	0	0	0
998	0	0	0	0
999	0	0	0	0
1000	0	0	0	0
1001	135001	0	1	0
1002	135002	0	2	0
1003	135003	0	3	0
1004	135004	0	4	0
1005	135005	0	5	0
1006	135006	0	6	0
1007	135007	0	7	0
1008	135008	0	8	0
1009	135009	0	9	0
1010	135010	0	10	0
1011	135011	0	11	0
1012	135012	0	12	0
1013	135013	0	13	0
1014	135014	0	51	0
1015	135015	0	52	0
1016	135016	0	53	0
1017	135017	0	54	0
1018	135018	0	55	0
1019	135020	26	101	1
1020	135022	0	103	0
1021	135023	0	104	0
1022	135021	0	102	0
1023	135024	0	105	0
1024	135019	228	61	1
1025	135025	0	106	0
1026	135026	0	107	0
1027	135027	0	108	0
1028	135029	0	111	0
1029	135030	243	112	1
1030	135028	0	109	0
1031	135031	0	114	0
1032	0	0	0	0
1033	0	0	0	0
1034	0	0	0	0
1035	0	0	0	0
1036	0	0	0	0
1037	0	0	0	0
1038	0	0	0	0
1039	0	0	0	0
1040	0	0	0	0
1041	0	0	0	0
1042	0	0	0	0
1043	0	0	0	0
1044	0	0	0	0
1045	0	0	0	0
1046	0	0	0	0
1047	0	0	0	0
1048	0	0	0	0
1049	0	0	0	0
1050	0	0	0	0
1051	0	0	0	0
1052	0	0	0	0
1053	0	0	0	0
1054	0	0	0	0
1055	0	0	0	0
1056	0	0	0	0
1057	0	0	0	0
1058	0	0	0	0
1059	0	0	0	0
1060	0	0	0	0
1061	0	0	0	0
1062	0	0	0	0
1063	0	0	0	0
1064	0	0	0	0
1065	0	0	0	0
1066	0	0	0	0
1067	0	0	0	0
1068	0	0	0	0
1069	0	0	0	0
1070	0	0	0	0
1071	0	0	0	0
1072	0	0	0	0
1073	0	0	0	0
1074	0	0	0	0
1075	0	0	0	0
1076	0	0	0	0
1077	0	0	0	0
1078	0	0	0	0
1079	0	0	0	0
1080	0	0	0	0
1081	0	0	0	0
1082	0	0	0	0
1083	0	0	0	0
1084	0	0	0	0
1085	0	0	0	0
1086	0	0	0	0
1087	0	0	0	0
1088	0	0	0	0
1089	0	0	0	0
1090	0	0	0	0
1091	0	0	0	0
1092	0	0	0	0
1093	0	0	0	0
1094	0	0	0	0
1095	0	0	0	0
1096	0	0	0	0
1097	0	0	0	0
1098	0	0	0	0
1099	0	0	0	0
1100	0	0	0	0
1101	135201	0	1	0
1102	135202	0	2	0
1103	135203	0	3	0
1104	135204	0	4	0
1105	135205	0	5	0
1106	135206	0	6	0
1107	135207	0	7	0
1108	135208	0	8	0
1109	135209	0	9	0
1110	135210	0	10	0
1111	135211	0	11	0
1112	135212	0	12	0
1113	135214	26	101	1
1114	135216	0	103	0
1115	135217	0	104	0
1116	135215	0	102	0
1117	135218	0	105	0
1118	135213	228	61	1
1119	135219	0	106	0
1120	135220	0	107	0
1121	135221	0	108	0
1122	135223	0	111	0
1123	135224	243	112	1
1124	135222	0	110	0
1125	135225	0	115	0
1126	0	0	0	0
1127	0	0	0	0
1128	0	0	0	0
1129	0	0	0	0
1130	0	0	0	0
1131	0	0	0	0
1132	0	0	0	0
1133	0	0	0	0
1134	0	0	0	0
1135	0	0	0	0
1136	0	0	0	0
1137	0	0	0	0
1138	0	0	0	0
1139	0	0	0	0
1140	0	0	0	0
1141	0	0	0	0
1142	0	0	0	0
1143	0	0	0	0
1144	0	0	0	0
1145	0	0	0	0
1146	0	0	0	0
1147	0	0	0	0
1148	0	0	0	0
1149	0	0	0	0
1150	0	0	0	0
1151	0	0	0	0
1152	0	0	0	0
1153	0	0	0	0
1154	0	0	0	0
1155	0	0	0	0
1156	0	0	0	0
1157	0	0	0	0
1158	0	0	0	0
1159	0	0	0	0
1160	0	0	0	0
1161	0	0	0	0
1162	0	0	0	0
1163	0	0	0	0
1164	0	0	0	0
1165	0	0	0	0
1166	0	0	0	0
1167	0	0	0	0
1168	0	0	0	0
1169	0	0	0	0
1170	0	0	0	0
1171	0	0	0	0
1172	0	0	0	0
1173	0	0	0	0
1174	0	0	0	0
1175	0	0	0	0
1176	0	0	0	0
1177	0	0	0	0
1178	0	0	0	0
1179	0	0	0	0
1180	0	0	0	0
1181	0	0	0	0
1182	0	0	0	0
1183	0	0	0	0
1184	0	0	0	0
1185	0	0	0	0
1186	0	0	0	0
1187	0	0	0	0
1188	0	0	0	0
1189	0	0	0	0
1190	0	0	0	0
1191	0	0	0	0
1192	0	0	0	0
1193	0	0	0	0
1194	0	0	0	0
1195	0	0	0	0
1196	0	0	0	0
1197	0	0	0	0
1198	0	0	0	0
1199	0	0	0	0
1200	0	0	0	0
1201	136001	0	1	0
1202	136002	0	2	0
1203	136003	0	3	0
1204	136004	0	4	0
1205	136005	0	5	0
1206	136006	0	6	0
1207	136007	0	7	0
1208	136008	0	8	0
1209	136009	0	9	0
1210	136010	0	10	0
1211	136011	0	11	0
1212	136012	0	12	0
1213	136014	26	101	1
1214	136016	0	103	0
1215	136017	0	105	0
1216	136015	0	102	0
1217	136013	228	61	1
1218	136018	0	106	0
1219	136019	0	107	0
1220	136020	0	108	0
1221	136022	0	111	0
1222	136023	243	112	1
1223	136021	0	109	0
1224	136024	0	114	0
1225	0	0	0	0
1226	0	0	0	0
1227	0	0	0	0
1228	0	0	0	0
1229	0	0	0	0
1230	0	0	0	0
1231	0	0	0	0
1232	0	0	0	0
1233	0	0	0	0
1234	0	0	0	0
1235	0	0	0	0
1236	0	0	0	0
1237	0	0	0	0
1238	0	0	0	0
1239	0	0	0	0
1240	0	0	0	0
1241	0	0	0	0
1242	0	0	0	0
1243	0	0	0	0
1244	0	0	0	0
1245	0	0	0	0
1246	0	0	0	0
1247	0	0	0	0
1248	0	0	0	0
1249	0	0	0	0
1250	0	0	0	0
1251	0	0	0	0
1252	0	0	0	0
1253	0	0	0	0
1254	0	0	0	0
1255	0	0	0	0
1256	0	0	0	0
1257	0	0	0	0
1258	0	0	0	0
1259	0	0	0	0
1260	0	0	0	0
1261	0	0	0	0
1262	0	0	0	0
1263	0	0	0	0
1264	0	0	0	0
1265	0	0	0	0
1266	0	0	0	0
1267	0	0	0	0
1268	0	0	0	0
1269	0	0	0	0
1270	0	0	0	0
1271	0	0	0	0
1272	0	0	0	0
1273	0	0	0	0
1274	0	0	0	0
1275	0	0	0	0
1276	0	0	0	0
1277	0	0	0	0
1278	0	0	0	0
1279	0	0	0	0
1280	0	0	0	0
1281	0	0	0	0
1282	0	0	0	0
1283	0	0	0	0
1284	0	0	0	0
1285	0	0	0	0
1286	0	0	0	0
1287	0	0	0	0
1288	0	0	0	0
1289	0	0	0	0
1290	0	0	0	0
1291	0	0	0	0
1292	0	0	0	0
1293	0	0	0	0
1294	0	0	0	0
1295	0	0	0	0
1296	0	0	0	0
1297	0	0	0	0
1298	0	0	0	0
1299	0	0	0	0
1300	0	0	0	0
1301	136201	0	1	0
1302	136202	0	2	0
1303	136203	0	3	0
1304	136204	0	4	0
1305	136205	0	5	0
1306	136206	0	6	0
1307	136207	0	7	0
1308	136208	0	8	0
1309	136209	0	9	0
1310	136210	0	10	0
1311	136211	0	11	0
1312	136212	0	12	0
1313	136214	26	101	1
1314	136216	0	103	0
1315	136217	0	105	0
1316	136215	0	102	0
1317	136213	228	61	1
1318	136218	0	106	0
1319	136219	0	107	0
1320	136220	0	108	0
1321	136222	0	111	0
1322	136223	243	112	1
1323	136221	0	110	0
1324	136224	0	115	0
1325	0	0	0	0
1326	0	0	0	0
1327	0	0	0	0
1328	0	0	0	0
1329	0	0	0	0
1330	0	0	0	0
1331	0	0	0	0
1332	0	0	0	0
1333	0	0	0	0
1334	0	0	0	0
1335	0	0	0	0
1336	0	0	0	0
1337	0	0	0	0
1338	0	0	0	0
1339	0	0	0	0
1340	0	0	0	0
1341	0	0	0	0
1342	0	0	0	0
1343	0	0	0	0
1344	0	0	0	0
1345	0	0	0	0
1346	0	0	0	0
1347	0	0	0	0
1348	0	0	0	0
1349	0	0	0	0
1350	0	0	0	0
1351	0	0	0	0
1352	0	0	0	0
1353	0	0	0	0
1354	0	0	0	0
1355	0	0	0	0
1356	0	0	0	0
1357	0	0	0	0
1358	0	0	0	0
1359	0	0	0	0
1360	0	0	0	0
1361	0	0	0	0
1362	0	0	0	0
1363	0	0	0	0
1364	0	0	0	0
1365	0	0	0	0
1366	0	0	0	0
1367	0	0	0	0
1368	0	0	0	0
1369	0	0	0	0
1370	0	0	0	0
1371	0	0	0	0
1372	0	0	0	0
1373	0	0	0	0
1374	0	0	0	0
1375	0	0	0	0
1376	0	0	0	0
1377	0	0	0	0
1378	0	0	0	0
1379	0	0	0	0
1380	0	0	0	0
1381	0	0	0	0
1382	0	0	0	0
1383	0	0	0	0
1384	0	0	0	0
1385	0	0	0	0
1386	0	0	0	0
1387	0	0	0	0
1388	0	0	0	0
1389	0	0	0	0
1390	0	0	0	0
1391	0	0	0	0
1392	0	0	0	0
1393	0	0	0	0
1394	0	0	0	0
1395	0	0	0	0
1396	0	0	0	0
1397	0	0	0	0
1398	0	0	0	0
1399	0	0	0	0
1400	0	0	0	0
1401	0	0	0	0
1402	130001	0	1	0
1403	130002	0	2	0
1404	130003	0	3	0
1405	130004	0	4	0
1406	130005	0	5	0
1407	130006	0	6	0
1408	130007	0	7	0
1409	130008	0	8	0
1410	130009	0	9	0
1411	130010	0	10	0
1412	130011	0	11	0
1413	130012	0	12	0
1414	130013	0	13	0
1415	130014	0	14	0
1416	130015	0	15	0
1417	130016	0	16	0
1418	130017	0	17	0
1419	130018	0	18	0
1420	130019	0	19	0
1421	130020	0	20	0
1422	130021	0	21	0
1423	130022	0	22	0
1424	130023	0	23	0
1425	130024	0	24	0
1426	130025	0	25	0
1427	130026	0	26	0
1428	130027	227	27	1
1429	130028	227	28	1
1430	0	0	0	0
1431	0	0	0	0
1432	0	0	0	0
1433	0	0	0	0
1434	0	0	0	0
1435	0	0	0	0
1436	0	0	0	0
1437	0	0	0	0
1438	0	0	0	0
1439	0	0	0	0
1440	0	0	0	0
1441	0	0	0	0
1442	0	0	0	0
1443	0	0	0	0
1444	0	0	0	0
1445	0	0	0	0
1446	0	0	0	0
1447	0	0	0	0
1448	0	0	0	0
1449	0	0	0	0
1450	0	0	0	0
1451	0	0	0	0
1452	130041	0	1	0
1453	130042	0	2	0
1454	130043	0	3	0
1455	130044	0	4	0
1456	130045	0	5	0
1457	130046	0	6	0
1458	130047	0	7	0
1459	130048	0	8	0
1460	130049	0	9	0
1461	130050	0	10	0
1462	130051	0	11	0
1463	130052	0	12	0
1464	130053	0	13	0
1465	130054	0	14	0
1466	130055	0	15	0
1467	130056	0	16	0
1468	130057	0	17	0
1469	130058	0	18	0
1470	130059	0	19	0
1471	130060	0	20	0
1472	130061	0	21	0
1473	130062	0	22	0
1474	130063	0	23	0
1475	130064	0	24	0
1476	130065	0	25	0
1477	130066	0	26	0
1478	130067	227	27	1
1479	130068	227	28	1
1480	0	0	0	0
1481	0	0	0	0
1482	0	0	0	0
1483	0	0	0	0
1484	0	0	0	0
1485	0	0	0	0
1486	0	0	0	0
1487	0	0	0	0
1488	0	0	0	0
1489	0	0	0	0
1490	0	0	0	0
1491	0	0	0	0
1492	0	0	0	0
1493	0	0	0	0
1494	0	0	0	0
1495	0	0	0	0
1496	0	0	0	0
1497	0	0	0	0
1498	0	0	0	0
1499	0	0	0	0
1500	0	0	0	0
1501	0	0	0	0
1502	130081	0	1	0
1503	130082	0	2	0
1504	130083	0	3	0
1505	130084	0	4	0
1506	130085	0	5	0
1507	130086	0	6	0
1508	130087	0	7	0
1509	130088	0	8	0
1510	130089	0	9	0
1511	130090	0	10	0
1512	130091	0	11	0
1513	130092	0	12	0
1514	130093	0	13	0
1515	130094	0	14	0
1516	130095	0	15	0
1517	130096	0	16	0
1518	130097	0	17	0
1519	130098	0	18	0
1520	130099	0	19	0
1521	130100	0	20	0
1522	130101	0	21	0
1523	130102	0	22	0
1524	130103	0	23	0
1525	130104	0	24	0
1526	130105	0	25	0
1527	130106	0	26	0
1528	130107	227	27	1
1529	130108	227	28	1
1530	0	0	0	0
1531	0	0	0	0
1532	0	0	0	0
1533	0	0	0	0
1534	0	0	0	0
1535	0	0	0	0
1536	0	0	0	0
1537	0	0	0	0
1538	0	0	0	0
1539	0	0	0	0
1540	0	0	0	0
1541	0	0	0	0
1542	0	0	0	0
1543	0	0	0	0
1544	0	0	0	0
1545	0	0	0	0
1546	0	0	0	0
1547	0	0	0	0
1548	0	0	0	0
1549	0	0	0	0
1550	0	0	0	0
1551	0	0	0	0
1552	130121	0	1	0
1553	130122	0	2	0
1554	130123	0	3	0
1555	130124	0	4	0
1556	130125	0	5	0
1557	130126	0	6	0
1558	130127	0	7	0
1559	130128	0	8	0
1560	130129	0	9	0
1561	130130	0	10	0
1562	130131	0	11	0
1563	130132	0	12	0
1564	130133	0	13	0
1565	130134	0	14	0
1566	130135	0	15	0
1567	130136	0	16	0
1568	130137	0	17	0
1569	130138	0	18	0
1570	130139	0	19	0
1571	130140	0	20	0
1572	130141	0	21	0
1573	130142	0	22	0
1574	130143	0	23	0
1575	130144	0	24	0
1576	130145	0	25	0
1577	130146	0	26	0
1578	130147	227	27	1
1579	130148	227	28	1
1580	0	0	0	0
1581	0	0	0	0
1582	0	0	0	0
1583	0	0	0	0
1584	0	0	0	0
1585	0	0	0	0
1586	0	0	0	0
1587	0	0	0	0
1588	0	0	0	0
1589	0	0	0	0
1590	0	0	0	0
1591	0	0	0	0
1592	0	0	0	0
1593	0	0	0	0
1594	0	0	0	0
1595	0	0	0	0
1596	0	0	0	0
1597	0	0	0	0
1598	0	0	0	0
1599	0	0	0	0
1600	0	0	0	0
1601	0	0	0	0
1602	130161	0	1	0
1603	130162	0	2	0
1604	130163	0	3	0
1605	130164	0	4	0
1606	130165	0	5	0
1607	130166	0	6	0
1608	130167	0	7	0
1609	130168	0	8	0
1610	130169	0	9	0
1611	130170	0	10	0
1612	130171	0	11	0
1613	130172	0	12	0
1614	130173	0	13	0
1615	130174	0	14	0
1616	130175	0	15	0
1617	130176	0	16	0
1618	130177	0	17	0
1619	130178	0	18	0
1620	130179	0	19	0
1621	130180	0	20	0
1622	130181	0	21	0
1623	130182	0	22	0
1624	130183	0	23	0
1625	130184	0	24	0
1626	130185	0	25	0
1627	130186	0	26	0
1628	130187	227	27	1
1629	130188	227	28	1
1630	0	0	0	0
1631	0	0	0	0
1632	0	0	0	0
1633	0	0	0	0
1634	0	0	0	0
1635	0	0	0	0
1636	0	0	0	0
1637	0	0	0	0
1638	0	0	0	0
1639	0	0	0	0
1640	0	0	0	0
1641	0	0	0	0
1642	0	0	0	0
1643	0	0	0	0
1644	0	0	0	0
1645	0	0	0	0
1646	0	0	0	0
1647	0	0	0	0
1648	0	0	0	0
1649	0	0	0	0
1650	0	0	0	0
1651	0	0	0	0
1652	130201	0	1	0
1653	130202	0	2	0
1654	130203	0	3	0
1655	130204	0	4	0
1656	130205	0	5	0
1657	130206	0	6	0
1658	130207	0	7	0
1659	130208	0	8	0
1660	130209	0	9	0
1661	130210	0	10	0
1662	130211	0	11	0
1663	130212	0	12	0
1664	130213	0	13	0
1665	130214	0	14	0
1666	130215	0	15	0
1667	130216	0	16	0
1668	130217	0	17	0
1669	130218	0	18	0
1670	130219	0	19	0
1671	130220	0	20	0
1672	130221	0	21	0
1673	130222	0	22	0
1674	130223	0	23	0
1675	130224	0	24	0
1676	130225	0	25	0
1677	130226	0	26	0
1678	130227	227	27	1
1679	130228	227	28	1
1680	0	0	0	0
1681	0	0	0	0
1682	0	0	0	0
1683	0	0	0	0
1684	0	0	0	0
1685	0	0	0	0
1686	0	0	0	0
1687	0	0	0	0
1688	0	0	0	0
1689	0	0	0	0
1690	0	0	0	0
1691	0	0	0	0
1692	0	0	0	0
1693	0	0	0	0
1694	0	0	0	0
1695	0	0	0	0
1696	0	0	0	0
1697	0	0	0	0
1698	0	0	0	0
1699	0	0	0	0
1700	0	0	0	0
1701	0	0	0	0
1702	130241	0	1	0
1703	130242	0	2	0
1704	130243	0	3	0
1705	130244	0	4	0
1706	130245	0	5	0
1707	130246	0	6	0
1708	130247	0	7	0
1709	130248	0	8	0
1710	130249	0	9	0
1711	130250	0	10	0
1712	130251	0	11	0
1713	130252	0	12	0
1714	130253	0	13	0
1715	130254	0	14	0
1716	130255	0	15	0
1717	130256	0	16	0
1718	130257	0	17	0
1719	130258	0	18	0
1720	130259	0	19	0
1721	130260	0	20	0
1722	130261	0	21	0
1723	130262	0	22	0
1724	130263	0	23	0
1725	130264	0	24	0
1726	130265	0	25	0
1727	130266	0	26	0
1728	130267	227	27	1
1729	130268	227	28	1
1730	0	0	0	0
1731	0	0	0	0
1732	0	0	0	0
1733	0	0	0	0
1734	0	0	0	0
1735	0	0	0	0
1736	0	0	0	0
1737	0	0	0	0
1738	0	0	0	0
1739	0	0	0	0
1740	0	0	0	0
1741	0	0	0	0
1742	0	0	0	0
1743	0	0	0	0
1744	0	0	0	0
1745	0	0	0	0
1746	0	0	0	0
1747	0	0	0	0
1748	0	0	0	0
1749	0	0	0	0
1750	0	0	0	0
1751	0	0	0	0
1752	130281	0	1	0
1753	130282	0	2	0
1754	130283	0	3	0
1755	130284	0	4	0
1756	130285	0	5	0
1757	130286	0	6	0
1758	130287	0	7	0
1759	130288	0	8	0
1760	130289	0	9	0
1761	130290	0	10	0
1762	130291	0	11	0
1763	130292	0	12	0
1764	130293	0	13	0
1765	130294	0	14	0
1766	130295	0	15	0
1767	130296	0	16	0
1768	130297	0	17	0
1769	130298	0	18	0
1770	130299	0	19	0
1771	130300	0	20	0
1772	130301	0	21	0
1773	130302	0	22	0
1774	130303	0	23	0
1775	130304	0	24	0
1776	130305	0	25	0
1777	130306	0	26	0
1778	130307	227	27	1
1779	130308	227	28	1
1780	0	0	0	0
1781	0	0	0	0
1782	0	0	0	0
1783	0	0	0	0
1784	0	0	0	0
1785	0	0	0	0
1786	0	0	0	0
1787	0	0	0	0
1788	0	0	0	0
1789	0	0	0	0
1790	0	0	0	0
1791	0	0	0	0
1792	0	0	0	0
1793	0	0	0	0
1794	0	0	0	0
1795	0	0	0	0
1796	0	0	0	0
1797	0	0	0	0
1798	0	0	0	0
1799	0	0	0	0
1800	0	0	0	0
1801	0	0	0	0
1802	130321	0	1	0
1803	130322	0	2	0
1804	130323	0	3	0
1805	130324	0	4	0
1806	130325	0	5	0
1807	130326	0	6	0
1808	130327	0	7	0
1809	130328	0	8	0
1810	130329	0	9	0
1811	130330	0	10	0
1812	130331	0	11	0
1813	130332	0	12	0
1814	130333	0	13	0
1815	130334	0	14	0
1816	130335	0	15	0
1817	130336	0	16	0
1818	130337	0	17	0
1819	130338	0	18	0
1820	130339	0	19	0
1821	130340	0	20	0
1822	130341	0	21	0
1823	130342	0	22	0
1824	130343	0	23	0
1825	130344	0	24	0
1826	130345	0	25	0
1827	130346	0	26	0
1828	130347	227	27	1
1829	130348	227	28	1
1830	0	0	0	0
1831	0	0	0	0
1832	0	0	0	0
1833	0	0	0	0
1834	0	0	0	0
1835	0	0	0	0
1836	0	0	0	0
1837	0	0	0	0
1838	0	0	0	0
1839	0	0	0	0
1840	0	0	0	0
1841	0	0	0	0
1842	0	0	0	0
1843	0	0	0	0
1844	0	0	0	0
1845	0	0	0	0
1846	0	0	0	0
1847	0	0	0	0
1848	0	0	0	0
1849	0	0	0	0
1850	0	0	0	0
1851	0	0	0	0
1852	130361	0	1	0
1853	130362	0	2	0
1854	130363	0	3	0
1855	130364	0	4	0
1856	130365	0	5	0
1857	130366	0	6	0
1858	130367	0	7	0
1859	130368	0	8	0
1860	130369	0	9	0
1861	130370	0	10	0
1862	130371	0	11	0
1863	130372	0	12	0
1864	130373	0	13	0
1865	130374	0	14	0
1866	130375	0	15	0
1867	130376	0	16	0
1868	130377	0	17	0
1869	130378	0	18	0
1870	130379	0	19	0
1871	130380	0	20	0
1872	130381	0	21	0
1873	130382	0	22	0
1874	130383	0	23	0
1875	130384	0	24	0
1876	130385	0	25	0
1877	130386	0	26	0
1878	130387	227	27	1
1879	130388	227	28	1
1880	0	0	0	0
1881	0	0	0	0
1882	0	0	0	0
1883	0	0	0	0
1884	0	0	0	0
1885	0	0	0	0
1886	0	0	0	0
1887	0	0	0	0
1888	0	0	0	0
1889	0	0	0	0
1890	0	0	0	0
1891	0	0	0	0
1892	0	0	0	0
1893	0	0	0	0
1894	0	0	0	0
1895	0	0	0	0
1896	0	0	0	0
1897	0	0	0	0
1898	0	0	0	0
1899	0	0	0	0
1900	0	0	0	0
1901	0	0	0	0
1902	130401	0	1	0
1903	130402	0	2	0
1904	130403	0	3	0
1905	130404	0	4	0
1906	130405	0	5	0
1907	130406	0	6	0
1908	130407	0	7	0
1909	130408	0	8	0
1910	130409	0	9	0
1911	130410	0	10	0
1912	130411	0	11	0
1913	130412	0	12	0
1914	130413	0	13	0
1915	130414	0	14	0
1916	130415	0	15	0
1917	130416	0	16	0
1918	130417	0	17	0
1919	130418	0	18	0
1920	130419	0	19	0
1921	130420	0	20	0
1922	130421	0	21	0
1923	130422	0	22	0
1924	130423	0	23	0
1925	130424	0	24	0
1926	130425	0	25	0
1927	130426	0	26	0
1928	130427	227	27	1
1929	130428	227	28	1
1930	0	0	0	0
1931	0	0	0	0
1932	0	0	0	0
1933	0	0	0	0
1934	0	0	0	0
1935	0	0	0	0
1936	0	0	0	0
1937	0	0	0	0
1938	0	0	0	0
1939	0	0	0	0
1940	0	0	0	0
1941	0	0	0	0
1942	0	0	0	0
1943	0	0	0	0
1944	0	0	0	0
1945	0	0	0	0
1946	0	0	0	0
1947	0	0	0	0
1948	0	0	0	0
1949	0	0	0	0
1950	0	0	0	0
1951	0	0	0	0
1952	130441	0	1	0
1953	130442	0	2	0
1954	130443	0	3	0
1955	130444	0	4	0
1956	130445	0	5	0
1957	130446	0	6	0
1958	130447	0	7	0
1959	130448	0	8	0
1960	130449	0	9	0
1961	130450	0	10	0
1962	130451	0	11	0
1963	130452	0	12	0
1964	130453	0	13	0
1965	130454	0	14	0
1966	130455	0	15	0
1967	130456	0	16	0
1968	130457	0	17	0
1969	130458	0	18	0
1970	130459	0	19	0
1971	130460	0	20	0
1972	130461	0	21	0
1973	130462	0	22	0
1974	130463	0	23	0
1975	130464	0	24	0
1976	130465	0	25	0
1977	130466	0	26	0
1978	130467	227	27	1
1979	130468	227	28	1
1980	0	0	0	0
1981	0	0	0	0
1982	0	0	0	0
1983	0	0	0	0
1984	0	0	0	0
1985	0	0	0	0
1986	0	0	0	0
1987	0	0	0	0
1988	0	0	0	0
1989	0	0	0	0
1990	0	0	0	0
1991	0	0	0	0
1992	0	0	0	0
1993	0	0	0	0
1994	0	0	0	0
1995	0	0	0	0
1996	0	0	0	0
1997	0	0	0	0
1998	0	0	0	0
1999	0	0	0	0
2000	0	0	0	0
2001	0	0	0	0
2002	130481	0	1	0
2003	130482	0	2	0
2004	130483	0	3	0
2005	130484	0	4	0
2006	130485	0	5	0
2007	130486	0	6	0
2008	130487	0	7	0
2009	130488	0	8	0
2010	130489	0	9	0
2011	130490	0	10	0
2012	130491	0	11	0
2013	130492	0	12	0
2014	130493	0	13	0
2015	130494	0	14	0
2016	130495	0	15	0
2017	130496	0	16	0
2018	130497	0	17	0
2019	130498	0	18	0
2020	130499	0	19	0
2021	130500	0	20	0
2022	130501	0	21	0
2023	130502	0	22	0
2024	130503	0	23	0
2025	130504	0	24	0
2026	130505	0	25	0
2027	130506	0	26	0
2028	130507	227	27	1
2029	130508	227	28	1
2030	0	0	0	0
2031	0	0	0	0
2032	0	0	0	0
2033	0	0	0	0
2034	0	0	0	0
2035	0	0	0	0
2036	0	0	0	0
2037	0	0	0	0
2038	0	0	0	0
2039	0	0	0	0
2040	0	0	0	0
2041	0	0	0	0
2042	0	0	0	0
2043	0	0	0	0
2044	0	0	0	0
2045	0	0	0	0
2046	0	0	0	0
2047	0	0	0	0
2048	0	0	0	0
2049	0	0	0	0
2050	0	0	0	0
2051	0	0	0	0
2052	130521	0	1	0
2053	130522	0	2	0
2054	130523	0	3	0
2055	130524	0	4	0
2056	130525	0	5	0
2057	130526	0	6	0
2058	130527	0	7	0
2059	130528	0	8	0
2060	130529	0	9	0
2061	130530	0	10	0
2062	130531	0	11	0
2063	130532	0	12	0
2064	130533	0	13	0
2065	130534	0	14	0
2066	130535	0	15	0
2067	130536	0	16	0
2068	130537	0	17	0
2069	130538	0	18	0
2070	130539	0	19	0
2071	130540	0	20	0
2072	130541	0	21	0
2073	130542	0	22	0
2074	130543	0	23	0
2075	130544	0	24	0
2076	130545	0	25	0
2077	130546	0	26	0
2078	130547	227	27	1
2079	130548	227	28	1
2080	0	0	0	0
2081	0	0	0	0
2082	0	0	0	0
2083	0	0	0	0
2084	0	0	0	0
2085	0	0	0	0
2086	0	0	0	0
2087	0	0	0	0
2088	0	0	0	0
2089	0	0	0	0
2090	0	0	0	0
2091	0	0	0	0
2092	0	0	0	0
2093	0	0	0	0
2094	0	0	0	0
2095	0	0	0	0
2096	0	0	0	0
2097	0	0	0	0
2098	0	0	0	0
2099	0	0	0	0
2100	0	0	0	0
2101	0	0	0	0
2102	130561	0	1	0
2103	130562	0	2	0
2104	130563	0	3	0
2105	130564	0	4	0
2106	130565	0	5	0
2107	130566	0	6	0
2108	130567	0	7	0
2109	130568	0	8	0
2110	130569	0	9	0
2111	130570	0	10	0
2112	130571	0	11	0
2113	130572	0	12	0
2114	130573	0	13	0
2115	130574	0	14	0
2116	130575	0	15	0
2117	130576	0	16	0
2118	130577	0	17	0
2119	130578	0	18	0
2120	130579	0	19	0
2121	130580	0	20	0
2122	130581	0	21	0
2123	130582	0	22	0
2124	130583	0	23	0
2125	130584	0	24	0
2126	130585	0	25	0
2127	130586	0	26	0
2128	130587	227	27	1
2129	130588	227	28	1
2130	0	0	0	0
2131	0	0	0	0
2132	0	0	0	0
2133	0	0	0	0
2134	0	0	0	0
2135	0	0	0	0
2136	0	0	0	0
2137	0	0	0	0
2138	0	0	0	0
2139	0	0	0	0
2140	0	0	0	0
2141	0	0	0	0
2142	0	0	0	0
2143	0	0	0	0
2144	0	0	0	0
2145	0	0	0	0
2146	0	0	0	0
2147	0	0	0	0
2148	0	0	0	0
2149	0	0	0	0
2150	0	0	0	0
2151	0	0	0	0
2152	130601	0	1	0
2153	130602	0	2	0
2154	130603	0	3	0
2155	130604	0	4	0
2156	130605	0	5	0
2157	130606	0	6	0
2158	130607	0	7	0
2159	130608	0	8	0
2160	130609	0	9	0
2161	130610	0	10	0
2162	130611	0	11	0
2163	130612	0	12	0
2164	130613	0	13	0
2165	130614	0	14	0
2166	130615	0	15	0
2167	130616	0	16	0
2168	130617	0	17	0
2169	130618	0	18	0
2170	130619	0	19	0
2171	130620	0	20	0
2172	130621	0	21	0
2173	130622	0	22	0
2174	130623	0	23	0
2175	130624	0	24	0
2176	130625	0	25	0
2177	130626	0	26	0
2178	130627	227	27	1
2179	130628	227	28	1
2180	0	0	0	0
2181	0	0	0	0
2182	0	0	0	0
2183	0	0	0	0
2184	0	0	0	0
2185	0	0	0	0
2186	0	0	0	0
2187	0	0	0	0
2188	0	0	0	0
2189	0	0	0	0
2190	0	0	0	0
2191	0	0	0	0
2192	0	0	0	0
2193	0	0	0	0
2194	0	0	0	0
2195	0	0	0	0
2196	0	0	0	0
2197	0	0	0	0
2198	0	0	0	0
2199	0	0	0	0
2200	0	0	0	0
2201	0	0	0	0
2202	130641	0	1	0
2203	130642	0	2	0
2204	130643	0	3	0
2205	130644	0	4	0
2206	130645	0	5	0
2207	130646	0	6	0
2208	130647	0	7	0
2209	130648	0	8	0
2210	130649	0	9	0
2211	130650	0	10	0
2212	130651	0	11	0
2213	130652	0	12	0
2214	130653	0	13	0
2215	130654	0	14	0
2216	130655	0	15	0
2217	130656	0	16	0
2218	130657	0	17	0
2219	130658	0	18	0
2220	130659	0	19	0
2221	130660	0	20	0
2222	130661	0	21	0
2223	130662	0	22	0
2224	130663	0	23	0
2225	130664	0	24	0
2226	130665	0	25	0
2227	130666	0	26	0
2228	130667	227	27	1
2229	130668	227	28	1
2230	0	0	0	0
2231	0	0	0	0
2232	0	0	0	0
2233	0	0	0	0
2234	0	0	0	0
2235	0	0	0	0
2236	0	0	0	0
2237	0	0	0	0
2238	0	0	0	0
2239	0	0	0	0
2240	0	0	0	0
2241	0	0	0	0
2242	0	0	0	0
2243	0	0	0	0
2244	0	0	0	0
2245	0	0	0	0
2246	0	0	0	0
2247	0	0	0	0
2248	0	0	0	0
2249	0	0	0	0
2250	0	0	0	0
2251	0	0	0	0
2252	130681	0	1	0
2253	130682	0	2	0
2254	130683	0	3	0
2255	130684	0	4	0
2256	130685	0	5	0
2257	130686	0	6	0
2258	130687	0	7	0
2259	130688	0	8	0
2260	130689	0	9	0
2261	130690	0	10	0
2262	130691	0	11	0
2263	130692	0	12	0
2264	130693	0	13	0
2265	130694	0	14	0
2266	130695	0	15	0
2267	130696	0	16	0
2268	130697	0	17	0
2269	130698	0	18	0
2270	130699	0	19	0
2271	130700	0	20	0
2272	130701	0	21	0
2273	130702	0	22	0
2274	130703	0	23	0
2275	130704	0	24	0
2276	130705	0	25	0
2277	130706	0	26	0
2278	130707	227	27	1
2279	130708	227	28	1
2280	0	0	0	0
2281	0	0	0	0
2282	0	0	0	0
2283	0	0	0	0
2284	0	0	0	0
2285	0	0	0	0
2286	0	0	0	0
2287	0	0	0	0
2288	0	0	0	0
2289	0	0	0	0
2290	0	0	0	0
2291	0	0	0	0
2292	0	0	0	0
2293	0	0	0	0
2294	0	0	0	0
2295	0	0	0	0
2296	0	0	0	0
2297	0	0	0	0
2298	0	0	0	0
2299	0	0	0	0
2300	0	0	0	0
2301	0	0	0	0
2302	130721	0	1	0
2303	130722	0	2	0
2304	130723	0	3	0
2305	130724	0	4	0
2306	130725	0	5	0
2307	130726	0	6	0
2308	130727	0	7	0
2309	130728	0	8	0
2310	130729	0	9	0
2311	130730	0	10	0
2312	130731	0	11	0
2313	130732	0	12	0
2314	130733	0	13	0
2315	130734	0	14	0
2316	130735	0	15	0
2317	130736	0	16	0
2318	130737	0	17	0
2319	130738	0	18	0
2320	130739	0	19	0
2321	130740	0	20	0
2322	130741	0	21	0
2323	130742	0	22	0
2324	130743	0	23	0
2325	130744	0	24	0
2326	130745	0	25	0
2327	130746	0	26	0
2328	130747	227	27	1
2329	130748	227	28	1
2330	0	0	0	0
2331	0	0	0	0
2332	0	0	0	0
2333	0	0	0	0
2334	0	0	0	0
2335	0	0	0	0
2336	0	0	0	0
2337	0	0	0	0
2338	0	0	0	0
2339	0	0	0	0
2340	0	0	0	0
2341	0	0	0	0
2342	0	0	0	0
2343	0	0	0	0
2344	0	0	0	0
2345	0	0	0	0
2346	0	0	0	0
2347	0	0	0	0
2348	0	0	0	0
2349	0	0	0	0
2350	0	0	0	0
2351	0	0	0	0
2352	130761	0	1	0
2353	130762	0	2	0
2354	130763	0	3	0
2355	130764	0	4	0
2356	130765	0	5	0
2357	130766	0	6	0
2358	130767	0	7	0
2359	130768	0	8	0
2360	130769	0	9	0
2361	130770	0	10	0
2362	130771	0	11	0
2363	130772	0	12	0
2364	130773	0	13	0
2365	130774	0	14	0
2366	130775	0	15	0
2367	130776	0	16	0
2368	130777	0	17	0
2369	130778	0	18	0
2370	130779	0	19	0
2371	130780	0	20	0
2372	130781	0	21	0
2373	130782	0	22	0
2374	130783	0	23	0
2375	130784	0	24	0
2376	130785	0	25	0
2377	130786	0	26	0
2378	130787	227	27	1
2379	130788	227	28	1
2380	0	0	0	0
2381	0	0	0	0
2382	0	0	0	0
2383	0	0	0	0
2384	0	0	0	0
2385	0	0	0	0
2386	0	0	0	0
2387	0	0	0	0
2388	0	0	0	0
2389	0	0	0	0
2390	0	0	0	0
2391	0	0	0	0
2392	0	0	0	0
2393	0	0	0	0
2394	0	0	0	0
2395	0	0	0	0
2396	0	0	0	0
2397	0	0	0	0
2398	0	0	0	0
2399	0	0	0	0
2400	0	0	0	0
2401	0	0	0	0
2402	130801	0	1	0
2403	130802	0	2	0
2404	130803	0	3	0
2405	130804	0	4	0
2406	130805	0	5	0
2407	130806	0	6	0
2408	130807	0	7	0
2409	130808	0	8	0
2410	130809	0	9	0
2411	130810	0	10	0
2412	130811	0	11	0
2413	130812	0	12	0
2414	130813	0	13	0
2415	130814	0	14	0
2416	130815	0	15	0
2417	130816	0	16	0
2418	130817	0	17	0
2419	130818	0	18	0
2420	130819	0	19	0
2421	130820	0	20	0
2422	130821	0	21	0
2423	130822	0	22	0
2424	130823	0	23	0
2425	130824	0	24	0
2426	130825	0	25	0
2427	130826	0	26	0
2428	130827	227	27	1
2429	130828	227	28	1
2430	0	0	0	0
2431	0	0	0	0
2432	0	0	0	0
2433	0	0	0	0
2434	0	0	0	0
2435	0	0	0	0
2436	0	0	0	0
2437	0	0	0	0
2438	0	0	0	0
2439	0	0	0	0
2440	0	0	0	0
2441	0	0	0	0
2442	0	0	0	0
2443	0	0	0	0
2444	0	0	0	0
2445	0	0	0	0
2446	0	0	0	0
2447	0	0	0	0
2448	0	0	0	0
2449	0	0	0	0
2450	0	0	0	0
2451	0	0	0	0
2452	130841	0	1	0
2453	130842	0	2	0
2454	130843	0	3	0
2455	130844	0	4	0
2456	130845	0	5	0
2457	130846	0	6	0
2458	130847	0	7	0
2459	130848	0	8	0
2460	130849	0	9	0
2461	130850	0	10	0
2462	130851	0	11	0
2463	130852	0	12	0
2464	130853	0	13	0
2465	130854	0	14	0
2466	130855	0	15	0
2467	130856	0	16	0
2468	130857	0	17	0
2469	130858	0	18	0
2470	130859	0	19	0
2471	130860	0	20	0
2472	130861	0	21	0
2473	130862	0	22	0
2474	130863	0	23	0
2475	130864	0	24	0
2476	130865	0	25	0
2477	130866	0	26	0
2478	130867	227	27	1
2479	130868	227	28	1
2480	0	0	0	0
2481	0	0	0	0
2482	0	0	0	0
2483	0	0	0	0
2484	0	0	0	0
2485	0	0	0	0
2486	0	0	0	0
2487	0	0	0	0
2488	0	0	0	0
2489	0	0	0	0
2490	0	0	0	0
2491	0	0	0	0
2492	0	0	0	0
2493	0	0	0	0
2494	0	0	0	0
2495	0	0	0	0
2496	0	0	0	0
2497	0	0	0	0
2498	0	0	0	0
2499	0	0	0	0
2500	0	0	0	0
2501	0	0	0	0
2502	130881	0	1	0
2503	130882	0	2	0
2504	130883	0	3	0
2505	130884	0	4	0
2506	130885	0	5	0
2507	130886	0	6	0
2508	130887	0	7	0
2509	130888	0	8	0
2510	130889	0	9	0
2511	130890	0	10	0
2512	130891	0	11	0
2513	130892	0	12	0
2514	130893	0	13	0
2515	130894	0	14	0
2516	130895	0	15	0
2517	130896	0	16	0
2518	130897	0	17	0
2519	130898	0	18	0
2520	130899	0	19	0
2521	130900	0	20	0
2522	130901	0	21	0
2523	130902	0	22	0
2524	130903	0	23	0
2525	130904	0	24	0
2526	130905	0	25	0
2527	130906	0	26	0
2528	130907	227	27	1
2529	130908	227	28	1
2530	0	0	0	0
2531	0	0	0	0
2532	0	0	0	0
2533	0	0	0	0
2534	0	0	0	0
2535	0	0	0	0
2536	0	0	0	0
2537	0	0	0	0
2538	0	0	0	0
2539	0	0	0	0
2540	0	0	0	0
2541	0	0	0	0
2542	0	0	0	0
2543	0	0	0	0
2544	0	0	0	0
2545	0	0	0	0
2546	0	0	0	0
2547	0	0	0	0
2548	0	0	0	0
2549	0	0	0	0
2550	0	0	0	0
2551	0	0	0	0
2552	130921	0	1	0
2553	130922	0	2	0
2554	130923	0	3	0
2555	130924	0	4	0
2556	130925	0	5	0
2557	130926	0	6	0
2558	130927	0	7	0
2559	130928	0	8	0
2560	130929	0	9	0
2561	130930	0	10	0
2562	130931	0	11	0
2563	130932	0	12	0
2564	130933	0	13	0
2565	130934	0	14	0
2566	130935	0	15	0
2567	130936	0	16	0
2568	130937	0	17	0
2569	130938	0	18	0
2570	130939	0	19	0
2571	130940	0	20	0
2572	130941	0	21	0
2573	130942	0	22	0
2574	130943	0	23	0
2575	130944	0	24	0
2576	130945	0	25	0
2577	130946	0	26	0
2578	130947	227	27	1
2579	130948	227	28	1
2580	0	0	0	0
2581	0	0	0	0
2582	0	0	0	0
2583	0	0	0	0
2584	0	0	0	0
2585	0	0	0	0
2586	0	0	0	0
2587	0	0	0	0
2588	0	0	0	0
2589	0	0	0	0
2590	0	0	0	0
2591	0	0	0	0
2592	0	0	0	0
2593	0	0	0	0
2594	0	0	0	0
2595	0	0	0	0
2596	0	0	0	0
2597	0	0	0	0
2598	0	0	0	0
2599	0	0	0	0
