0	0	0	0
1	2	1	0
2	3	1	0
3	4	1	0
4	5	1	0
5	6	1	0
6	7	1	0
7	8	26	0
8	9	26	0
9	10	26	0
10	11	26	0
11	12	26	0
12	13	26	0
13	14	50	0
14	15	50	0
15	16	50	0
16	17	50	0
17	18	50	0
18	19	50	0
19	5594	1	0
20	5595	10	0
21	5596	20	0
22	5597	30	0
23	5598	40	0
24	5599	20	0
25	5600	30	0
26	5601	50	0
27	5602	51	0
28	5603	150	1
29	5814	28	0
30	5815	28	0
31	5816	28	0
32	5817	28	0
33	5818	28	0
34	5819	28	0
35	5820	28	0
36	5139	35	0
37	5138	34	0
38	5524	19	0
39	5143	44	0
40	5439	50	0
41	5134	31	0
42	5118	51	0
43	5135	33	0
44	5128	7	0
45	5168	39	0
46	5141	38	0
47	5144	37	0
48	5131	17	0
49	5491	24	0
50	5145	41	0
51	5129	18	0
52	5142	36	0
53	5263	46	0
54	5525	40	0
55	5132	17	0
56	5137	32	0
57	5136	33	0
58	5130	16	0
59	6199	51	0
60	5121	51	0
61	5133	7	0
62	5140	45	0
63	5110	9	0
64	5458	49	0
65	5116	47	0
66	5113	25	0
67	5433	8	0
68	5124	10	0
69	5432	5	0
70	5465	19	0
71	5107	6	0
72	5115	43	0
73	5488	3	0
74	5111	14	0
75	5106	1	0
76	5125	28	0
77	5114	34	0
78	5272	42	0
79	5273	51	0
80	5270	22	0
81	5526	40	0
82	5269	14	0
83	5231	30	0
84	5528	26	0
85	6152	51	0
86	5152	23	0
87	5518	12	0
88	5523	27	0
89	5228	13	0
90	5157	25	0
91	5158	51	0
92	5519	15	0
93	5229	20	0
94	5155	21	0
95	5268	11	0
96	5153	23	0
97	5154	24	0
98	5156	24	0
99	5527	29	0
100	5271	33	0
101	4842	40	0
102	4807	36	0
103	5402	9	0
104	5383	8	0
105	5050	2	0
106	4813	30	0
107	5547	51	0
108	4806	21	0
109	5388	24	0
110	5385	12	0
111	5409	31	0
112	5390	32	0
113	4803	9	0
114	5352	10	0
115	4831	10	0
116	5351	6	0
117	4811	17	0
118	4828	4	0
119	6146	42	0
120	5395	51	0
121	5562	35	0
122	4805	14	0
123	5359	29	0
124	5534	6	0
125	4844	39	0
126	4786	18	0
127	5535	23	0
128	4810	16	0
129	5537	51	0
130	5391	37	0
131	5536	44	0
132	5396	5	0
133	5380	3	0
134	5498	2	0
135	5405	20	0
136	5386	19	0
137	5509	1	0
138	4809	7	0
139	5414	47	0
140	5393	46	0
141	5516	5	0
142	4793	38	0
143	4835	23	0
144	4790	32	0
145	4788	27	0
146	4779	13	0
147	4804	13	0
148	5540	13	0
149	4829	11	0
150	5542	24	0
151	4834	16	0
152	4796	19	0
153	5560	12	0
154	4778	13	0
155	4845	41	0
156	4846	48	0
157	4822	26	0
158	4795	11	0
159	5538	11	0
160	4792	39	0
161	4819	25	0
162	4783	14	0
163	5054	45	0
164	4841	39	0
165	5051	11	0
166	4843	35	0
167	4838	35	0
168	5545	51	0
169	5546	51	0
170	6145	22	0
171	4781	15	0
172	4836	24	0
173	4816	51	0
174	6148	51	0
175	4784	15	0
176	4818	12	0
177	6147	51	0
178	4785	16	0
179	4812	21	0
180	5360	34	0
181	5564	42	0
182	4800	51	0
183	4830	14	0
184	4814	36	0
185	5541	18	0
186	4797	22	0
187	4787	18	0
188	5563	20	0
189	4798	33	0
190	4832	15	0
191	4840	37	0
192	5543	33	0
193	4789	28	0
194	4837	32	0
195	6209	51	0
196	4821	25	0
197	5559	30	0
198	5341	11	0
199	5055	49	0
200	4823	11	0
201	4782	13	0
202	5539	12	0
203	4791	34	0
204	4780	15	0
205	4820	17	0
206	4808	11	0
207	4839	34	0
208	4815	43	0
209	4777	12	0
210	5346	31	0
211	4824	11	0
212	5350	51	0
213	5343	14	0
214	5342	12	0
215	7010	45	0
216	5267	11	0
217	5513	10	0
218	5230	17	0
219	7008	31	0
220	5514	13	0
221	7011	33	0
222	7012	50	0
223	7029	20	0
224	7030	20	0
225	7031	20	0
226	7715	16	1
227	7716	12	1
228	7717	13	1
229	7718	13	1
230	7719	13	1
231	7720	18	1
232	7721	25	1
233	7722	27	1
234	7723	28	1
235	7724	51	0
236	7725	7	1
237	7726	11	1
238	7727	16	1
239	7728	17	1
240	7729	21	1
241	7730	36	1
242	7731	42	1
243	7732	43	1
244	7733	51	0
245	7734	51	0
246	7735	11	1
247	7736	12	1
248	7737	14	1
249	7738	23	1
250	7739	24	1
251	7740	24	1
252	7741	31	1
253	7742	32	1
254	7743	33	1
255	7744	40	1
256	7758	30	1
257	7759	46	1
258	7760	55	0
259	7761	30	1
260	7762	46	1
261	7763	55	0
262	7764	30	1
263	7765	46	1
264	7766	55	0
265	7610	55	0
266	7588	70	0
267	7589	70	0
268	5146	70	0
269	7611	55	0
270	7590	70	0
271	7591	70	0
272	7592	70	0
273	7593	70	0
274	7594	70	0
275	7595	70	0
276	8030	70	0
277	5147	70	0
278	5148	70	0
279	5149	70	0
280	5150	70	0
281	5151	70	0
282	8031	70	0
283	5365	70	0
284	8024	70	1
285	5120	80	0
286	5394	80	0
287	9519	80	0
288	9518	80	0
289	10092	50	1
290	10093	90	0
291	10096	90	0
292	10099	55	1
293	10094	31	1
294	10095	55	0
295	10097	31	1
296	10098	55	0
297	5521	30	0
298	5126	80	0
299	12531	120	0
300	12551	130	0
301	12534	130	1
302	12552	125	0
303	12553	120	0
304	12631	133	0
305	12555	136	0
306	12554	136	0
307	12537	136	1
308	12556	142	0
309	12532	139	0
310	12632	142	0
311	12557	148	0
312	12558	150	0
313	12535	145	1
314	12539	145	0
315	12533	148	0
316	12559	133	0
317	12560	145	0
318	12538	150	0
319	5127	150	0
320	5108	80	0
321	5109	120	0
322	5162	125	0
323	12941	130	0
324	5112	133	0
325	5161	136	0
326	12901	139	0
327	5214	139	0
328	5218	139	0
329	5117	142	0
330	5159	145	0
331	12942	148	0
332	12966	145	1
333	12967	145	1
334	12536	180	0
335	12540	180	0
336	12945	180	0
337	5226	180	0
338	5163	180	0
339	5160	180	0
340	5220	150	1
341	5224	150	1
342	5403	80	0
343	5384	80	0
344	12597	120	0
345	12880	130	0
346	12883	125	0
347	12878	130	1
348	12598	133	0
349	12578	133	0
350	12585	136	0
351	12893	136	1
352	12879	136	1
353	12885	136	0
354	12638	139	0
355	12887	142	0
356	12639	142	0
357	12579	145	1
358	12586	145	0
359	12642	145	0
360	12643	148	0
361	12640	148	0
362	12891	148	0
363	12641	150	0
364	12900	150	0
365	12896	80	0
366	12899	120	0
367	12877	125	0
368	12882	130	0
369	12943	133	0
370	12884	136	0
371	12889	139	0
372	12968	139	0
373	12971	139	0
374	12944	145	0
375	12897	142	0
376	12898	148	0
377	12969	145	1
378	12972	145	1
379	12634	180	0
380	12587	180	0
381	12902	180	0
382	4833	180	0
383	12903	180	0
384	12904	180	0
385	12970	150	1
386	12973	150	1
387	10335	70	1
388	0	0	0
389	0	0	0
390	0	0	0
391	0	0	0
392	0	0	0
393	0	0	0
394	0	0	0
395	0	0	0
396	0	0	0
397	0	0	0
398	0	0	0
399	0	0	0
400	0	0	0
401	2000267	4	0
402	2000265	1	0
403	2000270	4	0
404	2000268	1	0
405	2000271	1	0
406	2000273	1	0
407	2000277	8	0
408	2000275	5	0
409	2000280	8	0
410	2000278	5	0
411	2000281	5	0
412	2000283	5	0
413	2000287	13	0
414	2000285	10	0
415	2000288	13	0
416	2000268	10	0
417	2000289	10	0
418	2000293	13	0
419	2000291	10	0
420	2000295	18	0
421	2000294	15	0
422	2000296	15	0
423	2000298	15	0
424	2000308	18	0
425	2000303	15	0
426	2000302	18	0
427	2000300	15	0
428	2000306	23	0
429	2000304	20	0
430	2000307	20	0
431	2000309	20	0
432	2000271	20	0
433	2000316	28	0
434	2000311	25	0
435	2000295	28	0
436	2000294	25	0
437	2000313	25	0
438	2000315	25	0
439	2000317	25	0
440	2000464	30	0
441	2000465	33	0
442	2000466	30	0
443	2000467	30	0
444	2000468	30	0
445	2000911	35	0
446	2000912	38	0
447	2000913	35	0
448	2000914	35	0
449	2000915	35	0
450	2000916	38	0
451	2000917	40	0
452	2000918	43	0
453	2000919	40	0
454	2000920	40	0
455	2000921	40	0
456	2000922	43	0
457	2000923	45	0
458	2000924	48	0
459	2000925	45	0
460	2000926	45	0
461	2000927	45	0
462	2000928	48	0
463	2000469	1	0
464	2000470	4	0
465	2000471	1	0
466	2000472	4	0
467	2000473	1	0
468	2000474	1	0
469	2000475	5	0
470	2000476	8	0
471	2000477	5	0
472	2000478	8	0
473	2000479	5	0
474	2000480	5	0
475	2000481	10	0
476	2000482	13	0
477	2000483	10	0
478	2000484	13	0
479	2000485	10	0
480	2000486	10	0
481	2000487	13	0
482	2000488	15	0
483	2000489	18	0
484	2000490	15	0
485	2000491	15	0
486	2000492	15	0
487	2000493	18	0
488	2000494	20	0
489	2000495	23	0
490	2000496	20	0
491	2000497	20	0
492	2000498	20	0
493	2000499	25	0
494	2000500	28	0
495	2000501	25	0
496	2000502	25	0
497	2000503	25	0
498	2000504	30	0
499	2000505	33	0
500	2000506	30	0
501	2000507	30	0
502	2000508	30	0
503	2000893	35	0
504	2000894	38	0
505	2000895	35	0
506	2000896	35	0
507	2000897	35	0
508	2000898	38	0
509	2000899	40	0
510	2000900	43	0
511	2000901	40	0
512	2000902	40	0
513	2000903	40	0
514	2000904	43	0
515	2000905	45	0
516	2000906	48	0
517	2000907	45	0
518	2000908	45	0
519	2000909	45	0
520	2000910	48	0
521	6688	40	0
522	6689	45	0
523	6690	50	0
524	6691	50	0
525	6692	50	0
526	2001391	1	0
527	2001392	2	0
528	2001415	3	0
529	2001416	5	0
530	2001426	4	0
531	2001427	5	0
532	2001388	1	0
533	2001389	3	0
534	2001412	3	0
535	2001413	4	0
536	2001424	4	0
537	2001425	5	0
538	12241	136	0
539	12242	150	0
540	12243	150	0
541	2001846	50	0
542	2001845	130	0
543	2001847	50	0
544	2001849	50	0
545	2001848	130	0
546	2001851	125	0
547	2001850	136	0
548	2001852	125	0
549	2001853	125	0
550	2001855	133	0
551	2001854	142	0
552	2001856	133	0
553	2001858	133	0
554	2001857	142	0
555	2001859	139	0
556	2001860	139	0
557	2001862	139	0
558	2001861	148	0
559	2001864	145	0
560	2001863	150	0
561	2001865	145	0
562	2001867	145	0
563	2001866	150	0
564	2001823	50	0
565	2001822	130	0
566	2001824	50	0
567	2001826	50	0
568	2001825	130	0
569	2001828	125	0
570	2001827	136	0
571	2001829	125	0
572	2001830	125	0
573	2001832	133	0
574	2001831	142	0
575	2001833	133	0
576	2001835	133	0
577	2001834	142	0
578	2001836	139	0
579	2001837	139	0
580	2001839	139	0
581	2001838	148	0
582	2001841	145	0
583	2001840	150	0
584	2001842	145	0
585	2001844	145	0
586	2001843	150	0
587	12949	150	0
588	12946	150	0
589	12948	150	0
590	12947	150	0
591	12950	150	0
592	12954	180	0
593	12951	180	0
594	12953	180	0
595	12952	180	0
596	12955	180	0
597	12959	150	0
598	12956	150	0
599	12958	150	0
600	12957	150	0
601	12960	150	0
602	12964	180	0
603	12961	180	0
604	12963	180	0
605	12962	180	0
606	12965	180	0
607	0	0	0
608	0	0	0
609	0	0	0
610	0	0	0
611	0	0	0
612	0	0	0
613	0	0	0
614	0	0	0
615	0	0	0
616	0	0	0
617	0	0	0
618	0	0	0
619	0	0	0
620	0	0	0
621	0	0	0
622	0	0	0
623	0	0	0
624	0	0	0
625	0	0	0
626	0	0	0
627	0	0	0
628	0	0	0
629	0	0	0
630	0	0	0
631	0	0	0
632	0	0	0
633	0	0	0
634	0	0	0
635	0	0	0
636	0	0	0
637	0	0	0
638	0	0	0
639	0	0	0
640	0	0	0
641	0	0	0
642	0	0	0
643	0	0	0
644	0	0	0
645	0	0	0
646	0	0	0
647	0	0	0
648	0	0	0
649	0	0	0
650	0	0	0
651	0	0	0
652	0	0	0
653	0	0	0
654	0	0	0
655	0	0	0
656	0	0	0
657	0	0	0
658	0	0	0
659	0	0	0
660	0	0	0
661	0	0	0
662	0	0	0
663	0	0	0
664	0	0	0
665	0	0	0
666	0	0	0
667	0	0	0
668	0	0	0
669	0	0	0
670	0	0	0
671	0	0	0
672	0	0	0
673	0	0	0
674	0	0	0
675	0	0	0
676	0	0	0
677	0	0	0
678	0	0	0
679	0	0	0
680	0	0	0
681	0	0	0
682	0	0	0
683	0	0	0
684	0	0	0
685	0	0	0
686	0	0	0
687	0	0	0
688	0	0	0
689	0	0	0
690	0	0	0
691	0	0	0
692	0	0	0
693	0	0	0
694	0	0	0
695	0	0	0
696	0	0	0
697	0	0	0
698	0	0	0
699	0	0	0
700	0	0	0
