0	0	0	0	0	0	0	0	0	0	0	0	0	0	0	0	0	0	0	0	0	3
1	847	32	80	0	0	0	0	0	0	0	40	100	0	0	0	0	0	0	0	0	3
2	847	32	170	0	0	0	0	0	0	0	40	220	0	0	0	0	0	0	0	0	3
3	847	28	330	0	0	0	0	0	0	0	35	420	0	0	0	0	0	0	0	0	3
4	847	24	520	0	0	0	0	0	0	0	30	650	0	0	0	0	0	0	0	0	3
5	847	28	360	0	0	0	0	0	0	0	35	450	0	0	0	0	0	0	0	0	3
6	848	28	60	0	0	0	0	0	0	0	35	80	0	0	0	0	0	0	0	0	3
7	848	28	120	0	0	0	0	0	0	0	35	160	0	0	0	0	0	0	0	0	3
8	848	24	270	0	0	0	0	0	0	0	30	340	0	0	0	0	0	0	0	0	3
9	848	20	420	0	0	0	0	0	0	0	25	530	0	0	0	0	0	0	0	0	3
10	848	24	290	0	0	0	0	0	0	0	30	370	0	0	0	0	0	0	0	0	3
11	849	28	360	0	24	290	0	0	0	0	35	450	0	30	370	0	0	0	0	0	3
12	849	24	560	0	20	460	0	0	0	0	30	700	0	25	580	0	0	0	0	0	3
13	849	28	330	0	24	270	0	0	0	0	35	420	0	30	340	0	0	0	0	0	3
14	1055	300	0	0	0	0	0	0	0	0	300	0	0	0	0	0	0	0	0	0	3
15	842	15	0	0	0	0	0	0	0	0	15	0	0	0	0	0	0	0	0	0	1
16	842	7	0	0	0	0	0	0	0	0	7	0	0	0	0	0	0	0	0	0	1
17	842	3	0	0	0	0	0	0	0	0	3	0	0	0	0	0	0	0	0	0	1
18	842	17	0	0	0	0	0	0	0	0	17	0	0	0	0	0	0	0	0	0	1
19	842	18	275	0	0	0	0	0	0	0	18	275	0	0	0	0	0	0	0	0	1
20	842	1	0	0	0	0	0	0	0	0	1	0	0	0	0	0	0	0	0	0	1
21	841	314	0	0	0	0	0	0	0	0	314	0	0	0	0	0	0	0	0	20	1
22	841	315	0	0	0	0	0	0	0	0	315	0	0	0	0	0	0	0	0	35	1
23	841	316	0	0	0	0	0	0	0	0	316	0	0	0	0	0	0	0	0	50	1
24	841	317	0	0	0	0	0	0	0	0	317	0	0	0	0	0	0	0	0	65	1
25	841	318	0	0	0	0	0	0	0	0	318	0	0	0	0	0	0	0	0	20	1
26	841	318	0	0	0	0	0	0	0	0	318	0	0	0	0	0	0	0	0	35	1
27	841	318	0	0	0	0	0	0	0	0	318	0	0	0	0	0	0	0	0	50	1
28	841	319	0	0	0	0	0	0	0	0	319	0	0	0	0	0	0	0	0	65	1
29	841	320	0	0	0	0	0	0	0	0	320	0	0	0	0	0	0	0	0	20	1
30	841	320	0	0	0	0	0	0	0	0	320	0	0	0	0	0	0	0	0	35	1
31	841	320	0	0	0	0	0	0	0	0	320	0	0	0	0	0	0	0	0	50	1
32	841	321	0	0	0	0	0	0	0	0	321	0	0	0	0	0	0	0	0	65	1
33	841	322	0	0	0	0	0	0	0	0	322	0	0	0	0	0	0	0	0	20	1
34	841	322	0	0	0	0	0	0	0	0	322	0	0	0	0	0	0	0	0	35	1
35	841	322	0	0	0	0	0	0	0	0	322	0	0	0	0	0	0	0	0	50	1
36	841	323	0	0	0	0	0	0	0	0	323	0	0	0	0	0	0	0	0	65	1
37	841	324	0	0	0	0	0	0	0	0	324	0	0	0	0	0	0	0	0	20	1
38	841	324	0	0	0	0	0	0	0	0	324	0	0	0	0	0	0	0	0	35	1
39	841	324	0	0	0	0	0	0	0	0	324	0	0	0	0	0	0	0	0	50	1
40	841	5	0	0	0	0	0	0	0	0	5	0	0	0	0	0	0	0	0	10	1
41	1053	249	0	0	0	0	0	0	0	0	0	0	0	0	0	0	0	0	0	0	2
42	1053	250	0	0	0	0	0	0	0	0	0	0	0	0	0	0	0	0	0	0	2
43	1053	251	0	0	0	0	0	0	0	0	0	0	0	0	0	0	0	0	0	0	2
44	1053	253	0	0	0	0	0	0	0	0	0	0	0	0	0	0	0	0	0	0	2
45	843	300	0	0	0	0	0	0	0	0	0	0	0	0	0	0	0	0	0	0	3
46	843	301	0	0	0	0	0	0	0	0	0	0	0	0	0	0	0	0	0	0	3
47	843	302	0	0	0	0	0	0	0	0	0	0	0	0	0	0	0	0	0	0	3
48	843	303	0	0	0	0	0	0	0	0	0	0	0	0	0	0	0	0	0	0	3
49	850	269	0	0	0	0	0	0	0	0	0	0	0	0	0	0	0	0	0	0	3
50	1054	0	0	0	0	0	0	0	0	0	0	0	0	0	0	0	0	0	0	0	3
51	1767	300	0	0	0	0	0	0	0	0	300	0	0	0	0	0	0	0	0	0	7
52	843	313	0	0	0	0	0	0	0	0	0	0	0	0	0	0	0	0	0	0	7
53	844	48	1	1800	0	0	0	0	0	0	48	1	1800	0	0	0	0	0	0	0	3
54	845	48	1	1800	0	0	0	0	0	0	48	1	1800	0	0	0	0	0	0	0	3
55	844	48	68	1800	0	0	0	0	0	0	48	68	1800	0	0	0	0	0	0	0	3
56	844	48	173	1800	0	0	0	0	0	0	48	173	1800	0	0	0	0	0	0	0	3
57	845	48	77	1800	0	0	0	0	0	0	48	77	1800	0	0	0	0	0	0	0	3
58	844	48	146	1800	0	0	0	0	0	0	48	146	1800	0	0	0	0	0	0	0	3
59	844	48	114	1800	0	0	0	0	0	0	48	114	1800	0	0	0	0	0	0	0	3
60	845	48	49	1800	0	0	0	0	0	0	48	49	1800	0	0	0	0	0	0	0	3
61	845	48	48	1800	0	0	0	0	0	0	48	48	1800	0	0	0	0	0	0	0	3
62	845	48	61	1800	0	0	0	0	0	0	48	61	1800	0	0	0	0	0	0	0	3
63	844	48	133	1800	0	0	0	0	0	0	48	133	1800	0	0	0	0	0	0	0	3
64	844	48	134	1800	0	0	0	0	0	0	48	134	1800	0	0	0	0	0	0	0	3
65	844	48	54	1800	0	0	0	0	0	0	48	54	1800	0	0	0	0	0	0	0	3
66	844	48	135	1800	0	0	0	0	0	0	48	135	1800	0	0	0	0	0	0	0	3
67	844	48	136	1800	0	0	0	0	0	0	48	136	1800	0	0	0	0	0	0	0	3
68	845	48	125	1800	0	0	0	0	0	0	48	125	1800	0	0	0	0	0	0	0	3
69	844	48	164	1800	0	0	0	0	0	0	48	164	1800	0	0	0	0	0	0	0	3
70	844	48	69	1800	0	0	0	0	0	0	48	69	1800	0	0	0	0	0	0	0	3
71	844	48	147	1800	0	0	0	0	0	0	48	147	1800	0	0	0	0	0	0	0	3
72	844	48	148	1800	0	0	0	0	0	0	48	148	1800	0	0	0	0	0	0	0	3
73	844	48	70	1800	0	0	0	0	0	0	48	70	1800	0	0	0	0	0	0	0	3
74	844	48	165	1800	0	0	0	0	0	0	48	165	1800	0	0	0	0	0	0	0	3
75	844	48	85	1800	0	0	0	0	0	0	48	85	1800	0	0	0	0	0	0	0	3
76	844	48	94	1800	0	0	0	0	0	0	48	94	1800	0	0	0	0	0	0	0	3
77	844	48	137	1800	0	0	0	0	0	0	48	137	1800	0	0	0	0	0	0	0	3
78	844	48	174	1800	0	0	0	0	0	0	48	174	1800	0	0	0	0	0	0	0	3
79	844	48	149	1800	0	0	0	0	0	0	48	149	1800	0	0	0	0	0	0	0	3
80	844	48	50	1800	0	0	0	0	0	0	48	50	1800	0	0	0	0	0	0	0	3
81	845	48	127	1800	0	0	0	0	0	0	48	127	1800	0	0	0	0	0	0	0	3
82	844	48	166	1800	0	0	0	0	0	0	48	166	1800	0	0	0	0	0	0	0	3
83	844	48	115	1800	0	0	0	0	0	0	48	115	1800	0	0	0	0	0	0	0	3
84	844	48	95	1800	0	0	0	0	0	0	48	95	1800	0	0	0	0	0	0	0	3
85	844	48	86	1800	0	0	0	0	0	0	48	86	1800	0	0	0	0	0	0	0	3
86	844	48	55	1800	0	0	0	0	0	0	48	55	1800	0	0	0	0	0	0	0	3
87	844	48	139	1800	0	0	0	0	0	0	48	139	1800	0	0	0	0	0	0	0	3
88	845	48	62	1800	0	0	0	0	0	0	48	62	1800	0	0	0	0	0	0	0	3
89	845	48	128	1800	0	0	0	0	0	0	48	128	1800	0	0	0	0	0	0	0	3
90	844	48	150	1800	0	0	0	0	0	0	48	150	1800	0	0	0	0	0	0	0	3
91	844	48	71	1800	0	0	0	0	0	0	48	71	1800	0	0	0	0	0	0	0	3
92	844	48	116	1800	0	0	0	0	0	0	48	116	1800	0	0	0	0	0	0	0	3
93	844	48	87	1800	0	0	0	0	0	0	48	87	1800	0	0	0	0	0	0	0	3
94	844	48	167	1800	0	0	0	0	0	0	48	167	1800	0	0	0	0	0	0	0	3
95	844	48	175	1800	0	0	0	0	0	0	48	175	1800	0	0	0	0	0	0	0	3
96	845	48	78	1800	0	0	0	0	0	0	48	78	1800	0	0	0	0	0	0	0	3
97	844	48	117	1800	0	0	0	0	0	0	48	117	1800	0	0	0	0	0	0	0	3
98	845	48	63	1800	0	0	0	0	0	0	48	63	1800	0	0	0	0	0	0	0	3
99	844	48	88	1800	0	0	0	0	0	0	48	88	1800	0	0	0	0	0	0	0	3
100	844	48	51	1800	0	0	0	0	0	0	48	51	1800	0	0	0	0	0	0	0	3
101	844	48	72	1800	0	0	0	0	0	0	48	72	1800	0	0	0	0	0	0	0	3
102	845	48	79	1800	0	0	0	0	0	0	48	79	1800	0	0	0	0	0	0	0	3
103	844	48	152	1800	0	0	0	0	0	0	48	152	1800	0	0	0	0	0	0	0	3
104	844	48	176	1800	0	0	0	0	0	0	48	176	1800	0	0	0	0	0	0	0	3
105	844	48	96	1800	0	0	0	0	0	0	48	96	1800	0	0	0	0	0	0	0	3
106	844	48	73	1800	0	0	0	0	0	0	48	73	1800	0	0	0	0	0	0	0	3
107	845	48	129	1800	0	0	0	0	0	0	48	129	1800	0	0	0	0	0	0	0	3
108	844	48	97	1800	0	0	0	0	0	0	48	97	1800	0	0	0	0	0	0	0	3
109	844	48	168	1800	0	0	0	0	0	0	48	168	1800	0	0	0	0	0	0	0	3
110	844	48	118	1800	0	0	0	0	0	0	48	118	1800	0	0	0	0	0	0	0	3
111	844	48	56	1800	0	0	0	0	0	0	48	56	1800	0	0	0	0	0	0	0	3
112	844	48	153	1800	0	0	0	0	0	0	48	153	1800	0	0	0	0	0	0	0	3
113	844	48	89	1800	0	0	0	0	0	0	48	89	1800	0	0	0	0	0	0	0	3
114	844	48	98	1800	0	0	0	0	0	0	48	98	1800	0	0	0	0	0	0	0	3
115	844	48	177	1800	0	0	0	0	0	0	48	177	1800	0	0	0	0	0	0	0	3
116	844	48	119	1800	0	0	0	0	0	0	48	119	1800	0	0	0	0	0	0	0	3
117	845	48	80	1800	0	0	0	0	0	0	48	80	1800	0	0	0	0	0	0	0	3
118	844	48	169	1800	0	0	0	0	0	0	48	169	1800	0	0	0	0	0	0	0	3
119	845	48	130	1800	0	0	0	0	0	0	48	130	1800	0	0	0	0	0	0	0	3
120	844	48	52	1800	0	0	0	0	0	0	48	52	1800	0	0	0	0	0	0	0	3
121	844	48	140	1800	0	0	0	0	0	0	48	140	1800	0	0	0	0	0	0	0	3
122	844	48	120	1800	0	0	0	0	0	0	48	120	1800	0	0	0	0	0	0	0	3
123	844	48	170	1800	0	0	0	0	0	0	48	170	1800	0	0	0	0	0	0	0	3
124	845	48	57	1800	0	0	0	0	0	0	48	57	1800	0	0	0	0	0	0	0	3
125	845	48	64	1800	0	0	0	0	0	0	48	64	1800	0	0	0	0	0	0	0	3
126	844	48	74	1800	0	0	0	0	0	0	48	74	1800	0	0	0	0	0	0	0	3
127	844	48	154	1800	0	0	0	0	0	0	48	154	1800	0	0	0	0	0	0	0	3
128	844	48	99	1800	0	0	0	0	0	0	48	99	1800	0	0	0	0	0	0	0	3
129	844	48	53	1800	0	0	0	0	0	0	48	53	1800	0	0	0	0	0	0	0	3
130	845	48	81	1800	0	0	0	0	0	0	48	81	1800	0	0	0	0	0	0	0	3
131	845	48	132	1800	0	0	0	0	0	0	48	132	1800	0	0	0	0	0	0	0	3
132	844	48	58	1800	0	0	0	0	0	0	48	58	1800	0	0	0	0	0	0	0	3
133	844	48	142	1800	0	0	0	0	0	0	48	142	1800	0	0	0	0	0	0	0	3
134	844	48	92	1800	0	0	0	0	0	0	48	92	1800	0	0	0	0	0	0	0	3
135	845	48	162	1800	0	0	0	0	0	0	48	162	1800	0	0	0	0	0	0	0	3
136	844	48	121	1800	0	0	0	0	0	0	48	121	1800	0	0	0	0	0	0	0	3
137	844	48	178	1800	0	0	0	0	0	0	48	178	1800	0	0	0	0	0	0	0	3
138	845	48	82	1800	0	0	0	0	0	0	48	82	1800	0	0	0	0	0	0	0	3
139	845	48	65	1800	0	0	0	0	0	0	48	65	1800	0	0	0	0	0	0	0	3
140	844	48	171	1800	0	0	0	0	0	0	48	171	1800	0	0	0	0	0	0	0	3
141	844	48	90	1800	0	0	0	0	0	0	48	90	1800	0	0	0	0	0	0	0	3
142	844	48	59	1800	0	0	0	0	0	0	48	59	1800	0	0	0	0	0	0	0	3
143	844	48	143	1800	0	0	0	0	0	0	48	143	1800	0	0	0	0	0	0	0	3
144	845	48	66	1800	0	0	0	0	0	0	48	66	1800	0	0	0	0	0	0	0	3
145	844	48	122	1800	0	0	0	0	0	0	48	122	1800	0	0	0	0	0	0	0	3
146	844	48	179	1800	0	0	0	0	0	0	48	179	1800	0	0	0	0	0	0	0	3
147	845	48	131	1800	0	0	0	0	0	0	48	131	1800	0	0	0	0	0	0	0	3
148	844	48	155	1800	0	0	0	0	0	0	48	155	1800	0	0	0	0	0	0	0	3
149	844	48	91	1800	0	0	0	0	0	0	48	91	1800	0	0	0	0	0	0	0	3
150	845	48	60	1800	0	0	0	0	0	0	48	60	1800	0	0	0	0	0	0	0	3
151	844	48	75	1800	0	0	0	0	0	0	48	75	1800	0	0	0	0	0	0	0	3
152	845	48	126	1800	0	0	0	0	0	0	48	126	1800	0	0	0	0	0	0	0	3
153	844	48	102	1800	0	0	0	0	0	0	48	102	1800	0	0	0	0	0	0	0	3
154	844	48	103	1800	0	0	0	0	0	0	48	103	1800	0	0	0	0	0	0	0	3
155	844	48	104	1800	0	0	0	0	0	0	48	104	1800	0	0	0	0	0	0	0	3
156	844	48	105	1800	0	0	0	0	0	0	48	105	1800	0	0	0	0	0	0	0	3
157	844	48	106	1800	0	0	0	0	0	0	48	106	1800	0	0	0	0	0	0	0	3
158	844	48	107	1800	0	0	0	0	0	0	48	107	1800	0	0	0	0	0	0	0	3
159	844	48	108	1800	0	0	0	0	0	0	48	108	1800	0	0	0	0	0	0	0	3
160	844	48	109	1800	0	0	0	0	0	0	48	109	1800	0	0	0	0	0	0	0	3
161	844	48	110	1800	0	0	0	0	0	0	48	110	1800	0	0	0	0	0	0	0	3
162	844	48	111	1800	0	0	0	0	0	0	48	111	1800	0	0	0	0	0	0	0	3
163	844	48	112	1800	0	0	0	0	0	0	48	112	1800	0	0	0	0	0	0	0	3
164	844	48	113	1800	0	0	0	0	0	0	48	113	1800	0	0	0	0	0	0	0	3
165	844	48	151	1800	0	0	0	0	0	0	48	151	1800	0	0	0	0	0	0	0	3
166	845	48	158	1800	0	0	0	0	0	0	48	158	1800	0	0	0	0	0	0	0	3
167	844	48	159	1800	0	0	0	0	0	0	48	159	1800	0	0	0	0	0	0	0	3
168	845	48	160	1800	0	0	0	0	0	0	48	160	1800	0	0	0	0	0	0	0	3
169	844	48	161	1800	0	0	0	0	0	0	48	161	1800	0	0	0	0	0	0	0	3
170	844	48	163	1800	0	0	0	0	0	0	48	163	1800	0	0	0	0	0	0	0	3
171	844	48	156	1800	0	0	0	0	0	0	48	156	1800	0	0	0	0	0	0	0	3
172	844	48	101	1800	0	0	0	0	0	0	48	101	1800	0	0	0	0	0	0	0	3
173	844	48	138	1800	0	0	0	0	0	0	48	138	1800	0	0	0	0	0	0	0	3
174	844	48	141	1800	0	0	0	0	0	0	48	141	1800	0	0	0	0	0	0	0	3
175	845	48	100	1800	0	0	0	0	0	0	48	100	1800	0	0	0	0	0	0	0	3
176	4107	2000	0	0	0	0	0	0	0	0	0	0	0	0	0	0	0	0	0	0	3
177	4107	2002	0	0	0	0	0	0	0	0	0	0	0	0	0	0	0	0	0	0	3
178	4107	2500	0	0	0	0	0	0	0	0	0	0	0	0	0	0	0	0	0	0	3
179	846	49	5	15	0	0	0	0	0	0	49	5	15	0	0	0	0	0	0	0	3
180	846	49	6	15	0	0	0	0	0	0	49	6	15	0	0	0	0	0	0	0	3
181	846	49	7	15	0	0	0	0	0	0	49	7	15	0	0	0	0	0	0	0	3
182	846	49	8	15	0	0	0	0	0	0	49	8	15	0	0	0	0	0	0	0	3
183	846	49	9	15	0	0	0	0	0	0	49	9	15	0	0	0	0	0	0	0	3
184	846	49	10	15	0	0	0	0	0	0	49	10	15	0	0	0	0	0	0	0	3
185	846	49	11	15	0	0	0	0	0	0	49	11	15	0	0	0	0	0	0	0	3
186	846	49	12	15	0	0	0	0	0	0	49	12	15	0	0	0	0	0	0	0	3
187	846	49	13	15	0	0	0	0	0	0	49	13	15	0	0	0	0	0	0	0	3
188	846	49	14	15	0	0	0	0	0	0	49	14	15	0	0	0	0	0	0	0	3
189	846	49	15	15	0	0	0	0	0	0	49	15	15	0	0	0	0	0	0	0	3
190	846	49	16	15	0	0	0	0	0	0	49	16	15	0	0	0	0	0	0	0	3
191	846	49	24	15	0	0	0	0	0	0	49	24	15	0	0	0	0	0	0	0	3
192	846	49	25	15	0	0	0	0	0	0	49	25	15	0	0	0	0	0	0	0	3
193	846	49	26	15	0	0	0	0	0	0	49	26	15	0	0	0	0	0	0	0	3
194	846	49	27	15	0	0	0	0	0	0	49	27	15	0	0	0	0	0	0	0	3
195	846	49	28	15	0	0	0	0	0	0	49	28	15	0	0	0	0	0	0	0	3
196	846	49	29	15	0	0	0	0	0	0	49	29	15	0	0	0	0	0	0	0	3
197	846	49	36	15	0	0	0	0	0	0	49	36	15	0	0	0	0	0	0	0	3
198	846	49	37	15	0	0	0	0	0	0	49	37	15	0	0	0	0	0	0	0	3
199	846	49	38	15	0	0	0	0	0	0	49	38	15	0	0	0	0	0	0	0	3
200	846	49	39	15	0	0	0	0	0	0	49	39	15	0	0	0	0	0	0	0	3
201	846	49	40	15	0	0	0	0	0	0	49	40	15	0	0	0	0	0	0	0	3
202	0	0	0	0	0	0	0	0	0	0	0	0	0	0	0	0	0	0	0	0	3
203	846	49	17	15	0	0	0	0	0	0	49	17	15	0	0	0	0	0	0	0	3
204	846	49	18	15	0	0	0	0	0	0	49	18	15	0	0	0	0	0	0	0	3
205	846	49	19	15	0	0	0	0	0	0	49	19	15	0	0	0	0	0	0	0	3
206	846	49	20	15	0	0	0	0	0	0	49	20	15	0	0	0	0	0	0	0	3
207	846	49	21	15	0	0	0	0	0	0	49	21	15	0	0	0	0	0	0	0	3
208	846	49	22	15	0	0	0	0	0	0	49	22	15	0	0	0	0	0	0	0	3
209	846	49	41	15	0	0	0	0	0	0	49	41	15	0	0	0	0	0	0	0	3
210	846	49	30	15	0	0	0	0	0	0	49	30	15	0	0	0	0	0	0	0	3
211	846	49	31	15	0	0	0	0	0	0	49	31	15	0	0	0	0	0	0	0	3
212	846	49	32	15	0	0	0	0	0	0	49	32	15	0	0	0	0	0	0	0	3
213	846	49	33	15	0	0	0	0	0	0	49	33	15	0	0	0	0	0	0	0	3
214	846	49	34	15	0	0	0	0	0	0	49	34	15	0	0	0	0	0	0	0	3
215	846	49	35	15	0	0	0	0	0	0	49	35	15	0	0	0	0	0	0	0	3
216	846	49	42	15	0	0	0	0	0	0	49	42	15	0	0	0	0	0	0	0	3
217	846	49	43	15	0	0	0	0	0	0	49	43	15	0	0	0	0	0	0	0	3
218	846	49	44	15	0	0	0	0	0	0	49	44	15	0	0	0	0	0	0	0	3
219	846	49	45	15	0	0	0	0	0	0	49	45	15	0	0	0	0	0	0	0	3
220	846	49	46	15	0	0	0	0	0	0	49	46	15	0	0	0	0	0	0	0	3
221	0	0	0	0	0	0	0	0	0	0	0	0	0	0	0	0	0	0	0	0	3
222	846	49	23	15	0	0	0	0	0	0	49	23	15	0	0	0	0	0	0	0	3
223	846	49	47	15	0	0	0	0	0	0	49	47	15	0	0	0	0	0	0	0	3
224	846	49	2	15	0	0	0	0	0	0	49	2	15	0	0	0	0	0	0	0	3
225	846	49	3	15	0	0	0	0	0	0	49	3	15	0	0	0	0	0	0	0	3
226	846	49	4	15	0	0	0	0	0	0	49	4	15	0	0	0	0	0	0	0	3
227	0	0	0	0	0	0	0	0	0	0	0	0	0	0	0	0	0	0	0	0	3
228	852	420	0	0	0	0	0	0	0	0	0	0	0	0	0	0	0	0	0	0	3
229	852	231	0	0	0	0	0	0	0	0	0	0	0	0	0	0	0	0	0	0	3
230	852	299	0	0	0	0	0	0	0	0	0	0	0	0	0	0	0	0	0	0	3
231	852	321	0	0	0	0	0	0	0	0	0	0	0	0	0	0	0	0	0	0	3
232	852	235	0	0	0	0	0	0	0	0	0	0	0	0	0	0	0	0	0	0	3
233	852	236	0	0	0	0	0	0	0	0	0	0	0	0	0	0	0	0	0	0	3
234	852	237	0	0	0	0	0	0	0	0	0	0	0	0	0	0	0	0	0	0	3
235	852	421	0	0	0	0	0	0	0	0	0	0	0	0	0	0	0	0	0	0	3
236	852	423	0	0	0	0	0	0	0	0	0	0	0	0	0	0	0	0	0	0	3
237	852	422	0	0	0	0	0	0	0	0	0	0	0	0	0	0	0	0	0	0	3
238	852	222	0	0	0	0	0	0	0	0	0	0	0	0	0	0	0	0	0	0	3
239	852	223	0	0	0	0	0	0	0	0	0	0	0	0	0	0	0	0	0	0	3
240	852	224	0	0	0	0	0	0	0	0	0	0	0	0	0	0	0	0	0	0	3
241	852	225	0	0	0	0	0	0	0	0	0	0	0	0	0	0	0	0	0	0	3
242	852	226	0	0	0	0	0	0	0	0	0	0	0	0	0	0	0	0	0	0	3
243	852	227	0	0	0	0	0	0	0	0	0	0	0	0	0	0	0	0	0	0	3
244	852	238	0	0	0	0	0	0	0	0	0	0	0	0	0	0	0	0	0	0	3
245	852	228	0	0	0	0	0	0	0	0	0	0	0	0	0	0	0	0	0	0	3
246	852	229	0	0	0	0	0	0	0	0	0	0	0	0	0	0	0	0	0	0	3
247	852	230	0	0	0	0	0	0	0	0	0	0	0	0	0	0	0	0	0	0	3
248	852	232	0	0	0	0	0	0	0	0	0	0	0	0	0	0	0	0	0	0	3
249	852	233	0	0	0	0	0	0	0	0	0	0	0	0	0	0	0	0	0	0	3
250	852	234	0	0	0	0	0	0	0	0	0	0	0	0	0	0	0	0	0	0	3
251	0	0	0	0	0	0	0	0	0	0	0	0	0	0	0	0	0	0	0	0	3
252	853	1	0	0	0	0	0	0	0	0	0	0	0	0	0	0	0	0	0	0	3
253	853	2	0	0	0	0	0	0	0	0	0	0	0	0	0	0	0	0	0	0	3
254	853	3	0	0	0	0	0	0	0	0	0	0	0	0	0	0	0	0	0	0	3
255	853	4	0	0	0	0	0	0	0	0	0	0	0	0	0	0	0	0	0	0	3
256	853	5	0	0	0	0	0	0	0	0	0	0	0	0	0	0	0	0	0	0	3
257	853	6	0	0	0	0	0	0	0	0	0	0	0	0	0	0	0	0	0	0	3
258	853	7	0	0	0	0	0	0	0	0	0	0	0	0	0	0	0	0	0	0	3
259	853	8	0	0	0	0	0	0	0	0	0	0	0	0	0	0	0	0	0	0	3
260	853	9	0	0	0	0	0	0	0	0	0	0	0	0	0	0	0	0	0	0	3
261	853	10	0	0	0	0	0	0	0	0	0	0	0	0	0	0	0	0	0	0	3
262	853	11	0	0	0	0	0	0	0	0	0	0	0	0	0	0	0	0	0	0	3
263	853	12	0	0	0	0	0	0	0	0	0	0	0	0	0	0	0	0	0	0	3
264	853	13	0	0	0	0	0	0	0	0	0	0	0	0	0	0	0	0	0	0	3
265	853	14	0	0	0	0	0	0	0	0	0	0	0	0	0	0	0	0	0	0	3
266	853	15	0	0	0	0	0	0	0	0	0	0	0	0	0	0	0	0	0	0	3
267	853	16	0	0	0	0	0	0	0	0	0	0	0	0	0	0	0	0	0	0	3
268	853	17	0	0	0	0	0	0	0	0	0	0	0	0	0	0	0	0	0	0	3
269	853	18	0	0	0	0	0	0	0	0	0	0	0	0	0	0	0	0	0	0	3
270	853	19	0	0	0	0	0	0	0	0	0	0	0	0	0	0	0	0	0	0	3
271	853	20	0	0	0	0	0	0	0	0	0	0	0	0	0	0	0	0	0	0	3
272	853	3	0	0	0	0	0	0	0	0	0	0	0	0	0	0	0	0	0	0	3
273	853	22	0	0	0	0	0	0	0	0	0	0	0	0	0	0	0	0	0	0	3
274	853	23	0	0	0	0	0	0	0	0	0	0	0	0	0	0	0	0	0	0	3
275	853	24	0	0	0	0	0	0	0	0	0	0	0	0	0	0	0	0	0	0	3
276	853	25	0	0	0	0	0	0	0	0	0	0	0	0	0	0	0	0	0	0	3
277	853	26	0	0	0	0	0	0	0	0	0	0	0	0	0	0	0	0	0	0	3
278	853	27	0	0	0	0	0	0	0	0	0	0	0	0	0	0	0	0	0	0	3
279	853	28	0	0	0	0	0	0	0	0	0	0	0	0	0	0	0	0	0	0	3
280	853	29	0	0	0	0	0	0	0	0	0	0	0	0	0	0	0	0	0	0	3
281	853	30	0	0	0	0	0	0	0	0	0	0	0	0	0	0	0	0	0	0	3
282	853	31	0	0	0	0	0	0	0	0	0	0	0	0	0	0	0	0	0	0	3
283	853	32	0	0	0	0	0	0	0	0	0	0	0	0	0	0	0	0	0	0	3
284	853	33	0	0	0	0	0	0	0	0	0	0	0	0	0	0	0	0	0	0	3
285	853	34	0	0	0	0	0	0	0	0	0	0	0	0	0	0	0	0	0	0	3
286	853	35	0	0	0	0	0	0	0	0	0	0	0	0	0	0	0	0	0	0	3
287	853	36	0	0	0	0	0	0	0	0	0	0	0	0	0	0	0	0	0	0	3
288	853	37	0	0	0	0	0	0	0	0	0	0	0	0	0	0	0	0	0	0	3
289	853	38	0	0	0	0	0	0	0	0	0	0	0	0	0	0	0	0	0	0	3
290	853	39	0	0	0	0	0	0	0	0	0	0	0	0	0	0	0	0	0	0	3
291	853	40	0	0	0	0	0	0	0	0	0	0	0	0	0	0	0	0	0	0	3
292	853	41	0	0	0	0	0	0	0	0	0	0	0	0	0	0	0	0	0	0	3
293	853	42	0	0	0	0	0	0	0	0	0	0	0	0	0	0	0	0	0	0	3
294	853	43	0	0	0	0	0	0	0	0	0	0	0	0	0	0	0	0	0	0	3
295	853	44	0	0	0	0	0	0	0	0	0	0	0	0	0	0	0	0	0	0	3
296	853	45	0	0	0	0	0	0	0	0	0	0	0	0	0	0	0	0	0	0	3
297	853	46	0	0	0	0	0	0	0	0	0	0	0	0	0	0	0	0	0	0	3
298	853	47	0	0	0	0	0	0	0	0	0	0	0	0	0	0	0	0	0	0	3
299	853	48	0	0	0	0	0	0	0	0	0	0	0	0	0	0	0	0	0	0	3
300	853	49	0	0	0	0	0	0	0	0	0	0	0	0	0	0	0	0	0	0	3
301	853	50	0	0	0	0	0	0	0	0	0	0	0	0	0	0	0	0	0	0	3
302	853	51	0	0	0	0	0	0	0	0	0	0	0	0	0	0	0	0	0	0	3
303	853	52	0	0	0	0	0	0	0	0	0	0	0	0	0	0	0	0	0	0	3
304	853	53	0	0	0	0	0	0	0	0	0	0	0	0	0	0	0	0	0	0	3
305	853	54	0	0	0	0	0	0	0	0	0	0	0	0	0	0	0	0	0	0	3
306	853	55	0	0	0	0	0	0	0	0	0	0	0	0	0	0	0	0	0	0	3
307	853	63	0	0	0	0	0	0	0	0	0	0	0	0	0	0	0	0	0	0	3
308	0	0	0	0	0	0	0	0	0	0	0	0	0	0	0	0	0	0	0	0	3
309	851	1	0	0	0	0	0	0	0	0	1	0	0	0	0	0	0	0	0	0	3
310	1013	2	0	0	0	0	0	0	0	0	0	0	0	0	0	0	0	0	0	0	3
311	1013	3	0	0	0	0	0	0	0	0	0	0	0	0	0	0	0	0	0	0	3
312	1013	4	0	0	0	0	0	0	0	0	0	0	0	0	0	0	0	0	0	0	3
313	1013	6	0	0	0	0	0	0	0	0	0	0	0	0	0	0	0	0	0	0	3
314	1013	7	0	0	0	0	0	0	0	0	0	0	0	0	0	0	0	0	0	0	3
315	1013	8	0	0	0	0	0	0	0	0	0	0	0	0	0	0	0	0	0	0	3
316	1013	10	0	0	0	0	0	0	0	0	0	0	0	0	0	0	0	0	0	0	3
317	1013	11	0	0	0	0	0	0	0	0	0	0	0	0	0	0	0	0	0	0	3
318	1013	12	0	0	0	0	0	0	0	0	0	0	0	0	0	0	0	0	0	0	3
319	1013	19	0	0	0	0	0	0	0	0	0	0	0	0	0	0	0	0	0	0	3
320	1013	16	0	0	0	0	0	0	0	0	0	0	0	0	0	0	0	0	0	0	3
321	1013	17	0	0	0	0	0	0	0	0	0	0	0	0	0	0	0	0	0	0	3
322	1013	18	0	0	0	0	0	0	0	0	0	0	0	0	0	0	0	0	0	0	3
323	0	0	0	0	0	0	0	0	0	0	0	0	0	0	0	0	0	0	0	0	3
324	1322	1	0	0	0	0	0	0	0	0	0	0	0	0	0	0	0	0	0	0	3
325	1322	4	0	0	0	0	0	0	0	0	0	0	0	0	0	0	0	0	0	0	3
326	1322	5	0	0	0	0	0	0	0	0	0	0	0	0	0	0	0	0	0	0	3
327	1322	8	0	0	0	0	0	0	0	0	0	0	0	0	0	0	0	0	0	0	3
328	1322	6	0	0	0	0	0	0	0	0	0	0	0	0	0	0	0	0	0	0	3
329	1322	9	0	0	0	0	0	0	0	0	0	0	0	0	0	0	0	0	0	0	3
330	1322	15	0	0	0	0	0	0	0	0	0	0	0	0	0	0	0	0	0	0	3
331	1326	0	0	0	0	0	0	0	0	0	0	0	0	0	0	0	0	0	0	0	3
332	1326	1	0	0	0	0	0	0	0	0	0	0	0	0	0	0	0	0	0	0	3
333	846	49	280	15	0	0	0	0	0	0	49	280	15	0	0	0	0	0	0	0	3
334	846	49	281	15	0	0	0	0	0	0	49	281	15	0	0	0	0	0	0	0	3
335	846	49	282	15	0	0	0	0	0	0	49	282	15	0	0	0	0	0	0	0	3
336	846	49	283	15	0	0	0	0	0	0	49	283	15	0	0	0	0	0	0	0	3
337	846	49	284	15	0	0	0	0	0	0	49	284	15	0	0	0	0	0	0	0	3
338	846	49	285	15	0	0	0	0	0	0	49	285	15	0	0	0	0	0	0	0	3
339	846	49	286	15	0	0	0	0	0	0	49	286	15	0	0	0	0	0	0	0	3
340	846	49	287	15	0	0	0	0	0	0	49	287	15	0	0	0	0	0	0	0	3
341	844	48	288	1800	0	0	0	0	0	0	48	288	1800	0	0	0	0	0	0	0	3
342	844	48	289	1800	0	0	0	0	0	0	48	289	1800	0	0	0	0	0	0	0	3
343	844	48	290	1800	0	0	0	0	0	0	48	290	1800	0	0	0	0	0	0	0	3
344	844	48	291	1800	0	0	0	0	0	0	48	291	1800	0	0	0	0	0	0	0	3
345	844	48	292	1800	0	0	0	0	0	0	48	292	1800	0	0	0	0	0	0	0	3
346	844	48	293	1800	0	0	0	0	0	0	48	293	1800	0	0	0	0	0	0	0	3
347	844	48	294	1800	0	0	0	0	0	0	48	294	1800	0	0	0	0	0	0	0	3
348	844	48	295	1800	0	0	0	0	0	0	48	295	1800	0	0	0	0	0	0	0	3
349	0	0	0	0	0	0	0	0	0	0	0	0	0	0	0	0	0	0	0	0	3
350	1013	20	0	0	0	0	0	0	0	0	0	0	0	0	0	0	0	0	0	0	3
351	1322	18	0	0	0	0	0	0	0	0	0	0	0	0	0	0	0	0	0	0	3
352	1322	19	0	0	0	0	0	0	0	0	0	0	0	0	0	0	0	0	0	0	3
353	1322	20	0	0	0	0	0	0	0	0	0	0	0	0	0	0	0	0	0	0	3
354	1322	21	0	0	0	0	0	0	0	0	0	0	0	0	0	0	0	0	0	0	3
355	1322	22	0	0	0	0	0	0	0	0	0	0	0	0	0	0	0	0	0	0	3
356	853	58	0	0	0	0	0	0	0	0	0	0	0	0	0	0	0	0	0	0	3
357	853	62	0	0	0	0	0	0	0	0	0	0	0	0	0	0	0	0	0	0	3
358	853	64	0	0	0	0	0	0	0	0	0	0	0	0	0	0	0	0	0	0	3
359	853	67	0	0	0	0	0	0	0	0	0	0	0	0	0	0	0	0	0	0	3
360	853	71	0	0	0	0	0	0	0	0	0	0	0	0	0	0	0	0	0	0	3
361	853	75	0	0	0	0	0	0	0	0	0	0	0	0	0	0	0	0	0	0	3
362	852	296	0	0	0	0	0	0	0	0	0	0	0	0	0	0	0	0	0	0	3
363	852	297	0	0	0	0	0	0	0	0	0	0	0	0	0	0	0	0	0	0	3
364	1013	21	0	0	0	0	0	0	0	0	0	0	0	0	0	0	0	0	0	0	3
365	843	539	0	0	0	0	0	0	0	0	0	0	0	0	0	0	0	0	0	0	3
366	843	540	0	0	0	0	0	0	0	0	0	0	0	0	0	0	0	0	0	0	3
367	2120	0	0	0	0	0	0	0	0	0	0	0	0	0	0	0	0	0	0	0	3
368	852	152	0	0	0	0	0	0	0	0	0	0	0	0	0	0	0	0	0	0	3
369	852	153	0	0	0	0	0	0	0	0	0	0	0	0	0	0	0	0	0	0	3
370	0	0	0	0	0	0	0	0	0	0	0	0	0	0	0	0	0	0	0	0	3
371	1769	0	0	0	0	0	0	0	0	0	0	0	0	0	0	0	0	0	0	0	3
372	2136	1	0	0	0	0	0	0	0	0	0	0	0	0	0	0	0	0	0	0	3
373	2136	2	0	0	0	0	0	0	0	0	0	0	0	0	0	0	0	0	0	0	3
374	2136	3	0	0	0	0	0	0	0	0	0	0	0	0	0	0	0	0	0	0	3
375	2136	4	0	0	0	0	0	0	0	0	0	0	0	0	0	0	0	0	0	0	3
376	2136	5	0	0	0	0	0	0	0	0	0	0	0	0	0	0	0	0	0	0	3
377	2136	6	0	0	0	0	0	0	0	0	0	0	0	0	0	0	0	0	0	0	3
378	2136	7	0	0	0	0	0	0	0	0	0	0	0	0	0	0	0	0	0	0	3
379	2136	8	0	0	0	0	0	0	0	0	0	0	0	0	0	0	0	0	0	0	3
380	2136	9	0	0	0	0	0	0	0	0	0	0	0	0	0	0	0	0	0	0	3
381	2136	10	0	0	0	0	0	0	0	0	0	0	0	0	0	0	0	0	0	0	3
382	2136	11	0	0	0	0	0	0	0	0	0	0	0	0	0	0	0	0	0	0	3
383	2136	12	0	0	0	0	0	0	0	0	0	0	0	0	0	0	0	0	0	0	3
384	2136	13	0	0	0	0	0	0	0	0	0	0	0	0	0	0	0	0	0	0	3
385	2136	14	0	0	0	0	0	0	0	0	0	0	0	0	0	0	0	0	0	0	3
386	2136	15	0	0	0	0	0	0	0	0	0	0	0	0	0	0	0	0	0	0	3
387	2136	16	0	0	0	0	0	0	0	0	0	0	0	0	0	0	0	0	0	0	3
388	0	0	0	0	0	0	0	0	0	0	0	0	0	0	0	0	0	0	0	0	3
389	846	49	296	10800	0	0	0	0	0	0	49	296	10800	0	0	0	0	0	0	0	3
390	846	49	297	10800	0	0	0	0	0	0	49	297	10800	0	0	0	0	0	0	0	3
391	844	48	144	1800	0	0	0	0	0	0	48	144	1800	0	0	0	0	0	0	0	3
392	844	48	123	1800	0	0	0	0	0	0	48	123	1800	0	0	0	0	0	0	0	3
393	844	48	157	1800	0	0	0	0	0	0	48	157	1800	0	0	0	0	0	0	0	3
394	844	48	76	1800	0	0	0	0	0	0	48	76	1800	0	0	0	0	0	0	0	3
395	845	48	83	1800	0	0	0	0	0	0	48	83	1800	0	0	0	0	0	0	0	3
396	844	48	93	1800	0	0	0	0	0	0	48	93	1800	0	0	0	0	0	0	0	3
397	0	0	0	0	0	0	0	0	0	0	0	0	0	0	0	0	0	0	0	0	3
398	1322	25	0	0	0	0	0	0	0	0	0	0	0	0	0	0	0	0	0	0	3
399	1322	26	0	0	0	0	0	0	0	0	0	0	0	0	0	0	0	0	0	0	3
400	1322	27	0	0	0	0	0	0	0	0	0	0	0	0	0	0	0	0	0	0	3
401	1013	22	0	0	0	0	0	0	0	0	0	0	0	0	0	0	0	0	0	0	3
402	1013	23	0	0	0	0	0	0	0	0	0	0	0	0	0	0	0	0	0	0	3
403	1013	24	0	0	0	0	0	0	0	0	0	0	0	0	0	0	0	0	0	0	3
404	853	56	0	0	0	0	0	0	0	0	0	0	0	0	0	0	0	0	0	0	3
405	853	57	0	0	0	0	0	0	0	0	0	0	0	0	0	0	0	0	0	0	3
406	853	60	0	0	0	0	0	0	0	0	0	0	0	0	0	0	0	0	0	0	3
407	853	61	0	0	0	0	0	0	0	0	0	0	0	0	0	0	0	0	0	0	3
408	853	65	0	0	0	0	0	0	0	0	0	0	0	0	0	0	0	0	0	0	3
409	853	66	0	0	0	0	0	0	0	0	0	0	0	0	0	0	0	0	0	0	3
410	853	76	0	0	0	0	0	0	0	0	0	0	0	0	0	0	0	0	0	0	3
411	853	77	0	0	0	0	0	0	0	0	0	0	0	0	0	0	0	0	0	0	3
412	853	78	0	0	0	0	0	0	0	0	0	0	0	0	0	0	0	0	0	0	3
413	853	79	0	0	0	0	0	0	0	0	0	0	0	0	0	0	0	0	0	0	3
414	853	80	0	0	0	0	0	0	0	0	0	0	0	0	0	0	0	0	0	0	3
415	853	81	0	0	0	0	0	0	0	0	0	0	0	0	0	0	0	0	0	0	3
416	1322	28	0	0	0	0	0	0	0	0	0	0	0	0	0	0	0	0	0	0	3
417	1322	29	0	0	0	0	0	0	0	0	0	0	0	0	0	0	0	0	0	0	3
418	1322	30	0	0	0	0	0	0	0	0	0	0	0	0	0	0	0	0	0	0	3
419	1322	31	0	0	0	0	0	0	0	0	0	0	0	0	0	0	0	0	0	0	3
420	1322	32	0	0	0	0	0	0	0	0	0	0	0	0	0	0	0	0	0	0	3
421	1322	33	0	0	0	0	0	0	0	0	0	0	0	0	0	0	0	0	0	0	3
422	1058	0	0	0	0	0	0	0	0	0	0	0	0	0	0	0	0	0	0	0	3
423	2483	1	0	0	0	0	0	0	0	0	0	0	0	0	0	0	0	0	0	0	3
424	2483	2	0	0	0	0	0	0	0	0	0	0	0	0	0	0	0	0	0	0	3
425	2483	3	0	0	0	0	0	0	0	0	0	0	0	0	0	0	0	0	0	0	3
426	2483	4	0	0	0	0	0	0	0	0	0	0	0	0	0	0	0	0	0	0	3
427	2483	5	0	0	0	0	0	0	0	0	0	0	0	0	0	0	0	0	0	0	3
428	2483	6	0	0	0	0	0	0	0	0	0	0	0	0	0	0	0	0	0	0	3
429	2483	7	0	0	0	0	0	0	0	0	0	0	0	0	0	0	0	0	0	0	3
430	2633	96	5213	0	0	0	0	0	0	0	0	0	0	0	0	0	0	0	0	0	3
431	2634	0	0	0	0	0	0	0	0	0	0	0	0	0	0	0	0	0	0	0	3
432	1322	34	0	0	0	0	0	0	0	0	0	0	0	0	0	0	0	0	0	0	3
433	1322	35	0	0	0	0	0	0	0	0	0	0	0	0	0	0	0	0	0	0	3
434	1322	36	0	0	0	0	0	0	0	0	0	0	0	0	0	0	0	0	0	0	3
435	1322	37	0	0	0	0	0	0	0	0	0	0	0	0	0	0	0	0	0	0	3
436	1322	38	0	0	0	0	0	0	0	0	0	0	0	0	0	0	0	0	0	0	3
437	1322	40	0	0	0	0	0	0	0	0	0	0	0	0	0	0	0	0	0	0	3
438	853	59	0	0	0	0	0	0	0	0	0	0	0	0	0	0	0	0	0	0	3
439	853	82	0	0	0	0	0	0	0	0	0	0	0	0	0	0	0	0	0	0	3
440	853	85	0	0	0	0	0	0	0	0	0	0	0	0	0	0	0	0	0	0	3
441	853	86	0	0	0	0	0	0	0	0	0	0	0	0	0	0	0	0	0	0	3
442	853	87	0	0	0	0	0	0	0	0	0	0	0	0	0	0	0	0	0	0	3
443	853	88	0	0	0	0	0	0	0	0	0	0	0	0	0	0	0	0	0	0	3
444	853	89	0	0	0	0	0	0	0	0	0	0	0	0	0	0	0	0	0	0	3
445	853	90	0	0	0	0	0	0	0	0	0	0	0	0	0	0	0	0	0	0	3
446	853	92	0	0	0	0	0	0	0	0	0	0	0	0	0	0	0	0	0	0	3
447	853	93	0	0	0	0	0	0	0	0	0	0	0	0	0	0	0	0	0	0	3
448	853	94	0	0	0	0	0	0	0	0	0	0	0	0	0	0	0	0	0	0	3
449	853	95	0	0	0	0	0	0	0	0	0	0	0	0	0	0	0	0	0	0	3
450	853	96	0	0	0	0	0	0	0	0	0	0	0	0	0	0	0	0	0	0	3
451	853	97	0	0	0	0	0	0	0	0	0	0	0	0	0	0	0	0	0	0	3
452	853	98	0	0	0	0	0	0	0	0	0	0	0	0	0	0	0	0	0	0	3
453	853	99	0	0	0	0	0	0	0	0	0	0	0	0	0	0	0	0	0	0	3
454	853	102	0	0	0	0	0	0	0	0	0	0	0	0	0	0	0	0	0	0	3
455	853	103	0	0	0	0	0	0	0	0	0	0	0	0	0	0	0	0	0	0	3
456	1013	25	0	0	0	0	0	0	0	0	0	0	0	0	0	0	0	0	0	0	3
457	1013	26	0	0	0	0	0	0	0	0	0	0	0	0	0	0	0	0	0	0	3
458	2136	17	0	0	0	0	0	0	0	0	0	0	0	0	0	0	0	0	0	0	3
459	2136	18	0	0	0	0	0	0	0	0	0	0	0	0	0	0	0	0	0	0	3
460	2136	19	0	0	0	0	0	0	0	0	0	0	0	0	0	0	0	0	0	0	3
461	2136	20	0	0	0	0	0	0	0	0	0	0	0	0	0	0	0	0	0	0	3
462	2136	21	0	0	0	0	0	0	0	0	0	0	0	0	0	0	0	0	0	0	3
463	2136	22	0	0	0	0	0	0	0	0	0	0	0	0	0	0	0	0	0	0	3
464	2136	23	0	0	0	0	0	0	0	0	0	0	0	0	0	0	0	0	0	0	3
465	2645	0	0	0	0	0	0	0	0	0	0	0	0	0	0	0	0	0	0	0	3
466	852	316	0	0	0	0	0	0	0	0	0	0	0	0	0	0	0	0	0	0	3
467	852	314	0	0	0	0	0	0	0	0	0	0	0	0	0	0	0	0	0	0	3
468	852	308	0	0	0	0	0	0	0	0	0	0	0	0	0	0	0	0	0	0	3
469	852	315	0	0	0	0	0	0	0	0	0	0	0	0	0	0	0	0	0	0	3
470	852	176	0	0	0	0	0	0	0	0	0	0	0	0	0	0	0	0	0	0	3
471	2894	0	0	0	0	0	0	0	0	0	0	0	0	0	0	0	0	0	0	0	3
472	853	123	0	0	0	0	0	0	0	0	0	0	0	0	0	0	0	0	0	0	3
473	853	124	0	0	0	0	0	0	0	0	0	0	0	0	0	0	0	0	0	0	3
474	853	125	0	0	0	0	0	0	0	0	0	0	0	0	0	0	0	0	0	0	3
475	853	126	0	0	0	0	0	0	0	0	0	0	0	0	0	0	0	0	0	0	3
476	853	127	0	0	0	0	0	0	0	0	0	0	0	0	0	0	0	0	0	0	3
477	1013	27	0	0	0	0	0	0	0	0	0	0	0	0	0	0	0	0	0	0	3
478	853	113	0	0	0	0	0	0	0	0	0	0	0	0	0	0	0	0	0	0	3
479	853	114	0	0	0	0	0	0	0	0	0	0	0	0	0	0	0	0	0	0	3
480	853	84	0	0	0	0	0	0	0	0	0	0	0	0	0	0	0	0	0	0	3
481	853	91	0	0	0	0	0	0	0	0	0	0	0	0	0	0	0	0	0	0	3
482	853	107	0	0	0	0	0	0	0	0	0	0	0	0	0	0	0	0	0	0	3
483	853	108	0	0	0	0	0	0	0	0	0	0	0	0	0	0	0	0	0	0	3
484	853	109	0	0	0	0	0	0	0	0	0	0	0	0	0	0	0	0	0	0	3
485	1322	42	0	0	0	0	0	0	0	0	0	0	0	0	0	0	0	0	0	0	3
486	3237	8	0	0	0	0	0	0	0	0	0	0	0	0	0	0	0	0	0	0	3
487	3237	9	0	0	0	0	0	0	0	0	0	0	0	0	0	0	0	0	0	0	3
488	3237	10	0	0	0	0	0	0	0	0	0	0	0	0	0	0	0	0	0	0	3
489	3237	11	0	0	0	0	0	0	0	0	0	0	0	0	0	0	0	0	0	0	3
490	3237	12	0	0	0	0	0	0	0	0	0	0	0	0	0	0	0	0	0	0	3
491	3237	13	0	0	0	0	0	0	0	0	0	0	0	0	0	0	0	0	0	0	3
492	3237	14	0	0	0	0	0	0	0	0	0	0	0	0	0	0	0	0	0	0	3
493	3237	15	0	0	0	0	0	0	0	0	0	0	0	0	0	0	0	0	0	0	3
494	3240	0	0	0	0	0	0	0	0	0	0	0	0	0	0	0	0	0	0	0	3
495	845	48	67	1800	0	0	0	0	0	0	48	67	1800	0	0	0	0	0	0	0	3
496	844	48	124	1800	0	0	0	0	0	0	48	124	1800	0	0	0	0	0	0	0	3
497	844	48	145	1800	0	0	0	0	0	0	48	145	1800	0	0	0	0	0	0	0	3
498	845	48	84	1800	0	0	0	0	0	0	48	84	1800	0	0	0	0	0	0	0	3
499	844	48	172	1800	0	0	0	0	0	0	48	172	1800	0	0	0	0	0	0	0	3
500	845	48	270	1800	0	0	0	0	0	0	48	270	1800	0	0	0	0	0	0	0	3
501	2136	24	0	0	0	0	0	0	0	0	0	0	0	0	0	0	0	0	0	0	3
502	2136	25	0	0	0	0	0	0	0	0	0	0	0	0	0	0	0	0	0	0	3
503	2136	26	0	0	0	0	0	0	0	0	0	0	0	0	0	0	0	0	0	0	3
504	2136	27	0	0	0	0	0	0	0	0	0	0	0	0	0	0	0	0	0	0	3
505	2136	28	0	0	0	0	0	0	0	0	0	0	0	0	0	0	0	0	0	0	3
506	2136	29	0	0	0	0	0	0	0	0	0	0	0	0	0	0	0	0	0	0	3
507	2136	30	0	0	0	0	0	0	0	0	0	0	0	0	0	0	0	0	0	0	3
508	2136	31	0	0	0	0	0	0	0	0	0	0	0	0	0	0	0	0	0	0	3
509	853	104	0	0	0	0	0	0	0	0	0	0	0	0	0	0	0	0	0	0	3
510	853	105	0	0	0	0	0	0	0	0	0	0	0	0	0	0	0	0	0	0	3
511	853	106	0	0	0	0	0	0	0	0	0	0	0	0	0	0	0	0	0	0	3
512	853	110	0	0	0	0	0	0	0	0	0	0	0	0	0	0	0	0	0	0	3
513	853	111	0	0	0	0	0	0	0	0	0	0	0	0	0	0	0	0	0	0	3
514	853	112	0	0	0	0	0	0	0	0	0	0	0	0	0	0	0	0	0	0	3
515	853	115	0	0	0	0	0	0	0	0	0	0	0	0	0	0	0	0	0	0	3
516	853	117	0	0	0	0	0	0	0	0	0	0	0	0	0	0	0	0	0	0	3
517	853	118	0	0	0	0	0	0	0	0	0	0	0	0	0	0	0	0	0	0	3
518	853	116	0	0	0	0	0	0	0	0	0	0	0	0	0	0	0	0	0	0	3
519	1322	44	0	0	0	0	0	0	0	0	0	0	0	0	0	0	0	0	0	0	3
520	1322	43	0	0	0	0	0	0	0	0	0	0	0	0	0	0	0	0	0	0	3
521	1322	41	0	0	0	0	0	0	0	0	0	0	0	0	0	0	0	0	0	0	3
522	1013	28	0	0	0	0	0	0	0	0	0	0	0	0	0	0	0	0	0	0	3
523	852	309	0	0	0	0	0	0	0	0	0	0	0	0	0	0	0	0	0	0	3
524	852	310	0	0	0	0	0	0	0	0	0	0	0	0	0	0	0	0	0	0	3
525	852	323	0	0	0	0	0	0	0	0	0	0	0	0	0	0	0	0	0	0	3
526	852	324	0	0	0	0	0	0	0	0	0	0	0	0	0	0	0	0	0	0	3
527	852	325	0	0	0	0	0	0	0	0	0	0	0	0	0	0	0	0	0	0	3
528	852	326	0	0	0	0	0	0	0	0	0	0	0	0	0	0	0	0	0	0	3
529	852	327	0	0	0	0	0	0	0	0	0	0	0	0	0	0	0	0	0	0	3
530	3292	0	0	0	0	0	0	0	0	0	0	0	0	0	0	0	0	0	0	0	3
531	0	0	0	0	0	0	0	0	0	0	0	0	0	0	0	0	0	0	0	0	3
532	3357	1	0	0	0	0	0	0	0	0	0	0	0	0	0	0	0	0	0	0	3
533	3357	2	0	0	0	0	0	0	0	0	0	0	0	0	0	0	0	0	0	0	3
534	3357	3	0	0	0	0	0	0	0	0	0	0	0	0	0	0	0	0	0	0	3
535	3357	4	0	0	0	0	0	0	0	0	0	0	0	0	0	0	0	0	0	0	3
536	3357	5	0	0	0	0	0	0	0	0	0	0	0	0	0	0	0	0	0	0	3
537	3357	6	0	0	0	0	0	0	0	0	0	0	0	0	0	0	0	0	0	0	3
538	3357	7	0	0	0	0	0	0	0	0	0	0	0	0	0	0	0	0	0	0	3
539	3357	8	0	0	0	0	0	0	0	0	0	0	0	0	0	0	0	0	0	0	3
540	3357	9	0	0	0	0	0	0	0	0	0	0	0	0	0	0	0	0	0	0	3
541	3357	10	0	0	0	0	0	0	0	0	0	0	0	0	0	0	0	0	0	0	3
542	3357	11	0	0	0	0	0	0	0	0	0	0	0	0	0	0	0	0	0	0	3
543	3357	12	0	0	0	0	0	0	0	0	0	0	0	0	0	0	0	0	0	0	3
544	3357	13	0	0	0	0	0	0	0	0	0	0	0	0	0	0	0	0	0	0	3
545	3357	14	0	0	0	0	0	0	0	0	0	0	0	0	0	0	0	0	0	0	3
546	3357	15	0	0	0	0	0	0	0	0	0	0	0	0	0	0	0	0	0	0	3
547	3357	16	0	0	0	0	0	0	0	0	0	0	0	0	0	0	0	0	0	0	3
548	3357	17	0	0	0	0	0	0	0	0	0	0	0	0	0	0	0	0	0	0	3
549	3357	18	0	0	0	0	0	0	0	0	0	0	0	0	0	0	0	0	0	0	3
550	3357	19	0	0	0	0	0	0	0	0	0	0	0	0	0	0	0	0	0	0	3
551	3357	20	0	0	0	0	0	0	0	0	0	0	0	0	0	0	0	0	0	0	3
552	3357	21	0	0	0	0	0	0	0	0	0	0	0	0	0	0	0	0	0	0	3
553	3357	22	0	0	0	0	0	0	0	0	0	0	0	0	0	0	0	0	0	0	3
554	3357	23	0	0	0	0	0	0	0	0	0	0	0	0	0	0	0	0	0	0	3
555	3357	24	0	0	0	0	0	0	0	0	0	0	0	0	0	0	0	0	0	0	3
556	3357	25	0	0	0	0	0	0	0	0	0	0	0	0	0	0	0	0	0	0	3
557	3357	26	0	0	0	0	0	0	0	0	0	0	0	0	0	0	0	0	0	0	3
558	3357	27	0	0	0	0	0	0	0	0	0	0	0	0	0	0	0	0	0	0	3
559	3357	28	0	0	0	0	0	0	0	0	0	0	0	0	0	0	0	0	0	0	3
560	3357	29	0	0	0	0	0	0	0	0	0	0	0	0	0	0	0	0	0	0	3
561	3357	30	0	0	0	0	0	0	0	0	0	0	0	0	0	0	0	0	0	0	3
562	3357	31	0	0	0	0	0	0	0	0	0	0	0	0	0	0	0	0	0	0	3
563	3357	32	0	0	0	0	0	0	0	0	0	0	0	0	0	0	0	0	0	0	3
564	3357	33	0	0	0	0	0	0	0	0	0	0	0	0	0	0	0	0	0	0	3
565	3357	34	0	0	0	0	0	0	0	0	0	0	0	0	0	0	0	0	0	0	3
566	3357	35	0	0	0	0	0	0	0	0	0	0	0	0	0	0	0	0	0	0	3
567	3357	36	0	0	0	0	0	0	0	0	0	0	0	0	0	0	0	0	0	0	3
568	3357	37	0	0	0	0	0	0	0	0	0	0	0	0	0	0	0	0	0	0	3
569	3357	38	0	0	0	0	0	0	0	0	0	0	0	0	0	0	0	0	0	0	3
570	3357	39	0	0	0	0	0	0	0	0	0	0	0	0	0	0	0	0	0	0	3
571	3357	40	0	0	0	0	0	0	0	0	0	0	0	0	0	0	0	0	0	0	3
572	3357	41	0	0	0	0	0	0	0	0	0	0	0	0	0	0	0	0	0	0	3
573	3357	42	0	0	0	0	0	0	0	0	0	0	0	0	0	0	0	0	0	0	3
574	3357	43	0	0	0	0	0	0	0	0	0	0	0	0	0	0	0	0	0	0	3
575	3357	44	0	0	0	0	0	0	0	0	0	0	0	0	0	0	0	0	0	0	3
576	3357	45	0	0	0	0	0	0	0	0	0	0	0	0	0	0	0	0	0	0	3
577	3357	46	0	0	0	0	0	0	0	0	0	0	0	0	0	0	0	0	0	0	3
578	3357	47	0	0	0	0	0	0	0	0	0	0	0	0	0	0	0	0	0	0	3
579	3357	48	0	0	0	0	0	0	0	0	0	0	0	0	0	0	0	0	0	0	3
580	3357	49	0	0	0	0	0	0	0	0	0	0	0	0	0	0	0	0	0	0	3
581	3357	50	0	0	0	0	0	0	0	0	0	0	0	0	0	0	0	0	0	0	3
582	3357	51	0	0	0	0	0	0	0	0	0	0	0	0	0	0	0	0	0	0	3
583	3357	52	0	0	0	0	0	0	0	0	0	0	0	0	0	0	0	0	0	0	3
584	3357	53	0	0	0	0	0	0	0	0	0	0	0	0	0	0	0	0	0	0	3
585	3357	54	0	0	0	0	0	0	0	0	0	0	0	0	0	0	0	0	0	0	3
586	3357	55	0	0	0	0	0	0	0	0	0	0	0	0	0	0	0	0	0	0	3
587	3357	56	0	0	0	0	0	0	0	0	0	0	0	0	0	0	0	0	0	0	3
588	3357	57	0	0	0	0	0	0	0	0	0	0	0	0	0	0	0	0	0	0	3
589	3357	58	0	0	0	0	0	0	0	0	0	0	0	0	0	0	0	0	0	0	3
590	3357	59	0	0	0	0	0	0	0	0	0	0	0	0	0	0	0	0	0	0	3
591	3357	60	0	0	0	0	0	0	0	0	0	0	0	0	0	0	0	0	0	0	3
592	3357	61	0	0	0	0	0	0	0	0	0	0	0	0	0	0	0	0	0	0	3
593	3357	62	0	0	0	0	0	0	0	0	0	0	0	0	0	0	0	0	0	0	3
594	3357	63	0	0	0	0	0	0	0	0	0	0	0	0	0	0	0	0	0	0	3
595	3357	64	0	0	0	0	0	0	0	0	0	0	0	0	0	0	0	0	0	0	3
596	3357	65	0	0	0	0	0	0	0	0	0	0	0	0	0	0	0	0	0	0	3
597	3357	66	0	0	0	0	0	0	0	0	0	0	0	0	0	0	0	0	0	0	3
598	3357	67	0	0	0	0	0	0	0	0	0	0	0	0	0	0	0	0	0	0	3
599	3357	68	0	0	0	0	0	0	0	0	0	0	0	0	0	0	0	0	0	0	3
600	3357	69	0	0	0	0	0	0	0	0	0	0	0	0	0	0	0	0	0	0	3
601	3357	70	0	0	0	0	0	0	0	0	0	0	0	0	0	0	0	0	0	0	3
602	3357	71	0	0	0	0	0	0	0	0	0	0	0	0	0	0	0	0	0	0	3
603	3357	72	0	0	0	0	0	0	0	0	0	0	0	0	0	0	0	0	0	0	3
604	3357	73	0	0	0	0	0	0	0	0	0	0	0	0	0	0	0	0	0	0	3
605	3357	74	0	0	0	0	0	0	0	0	0	0	0	0	0	0	0	0	0	0	3
606	3357	75	0	0	0	0	0	0	0	0	0	0	0	0	0	0	0	0	0	0	3
607	3357	76	0	0	0	0	0	0	0	0	0	0	0	0	0	0	0	0	0	0	3
608	3357	77	0	0	0	0	0	0	0	0	0	0	0	0	0	0	0	0	0	0	3
609	3357	78	0	0	0	0	0	0	0	0	0	0	0	0	0	0	0	0	0	0	3
610	3357	79	0	0	0	0	0	0	0	0	0	0	0	0	0	0	0	0	0	0	3
611	3357	80	0	0	0	0	0	0	0	0	0	0	0	0	0	0	0	0	0	0	3
612	2633	243	4659	0	0	0	0	0	0	0	0	0	0	0	0	0	0	0	0	0	3
613	846	49	271	600	0	0	0	0	0	0	49	271	600	0	0	0	0	0	0	0	3
614	844	48	192	1800	0	0	0	0	0	0	48	192	1800	0	0	0	0	0	0	0	3
615	853	21	0	0	0	0	0	0	0	0	0	0	0	0	0	0	0	0	0	0	3
616	853	83	0	0	0	0	0	0	0	0	0	0	0	0	0	0	0	0	0	0	3
617	853	100	0	0	0	0	0	0	0	0	0	0	0	0	0	0	0	0	0	0	3
618	853	101	0	0	0	0	0	0	0	0	0	0	0	0	0	0	0	0	0	0	3
619	853	130	0	0	0	0	0	0	0	0	0	0	0	0	0	0	0	0	0	0	3
620	853	131	0	0	0	0	0	0	0	0	0	0	0	0	0	0	0	0	0	0	3
621	853	122	0	0	0	0	0	0	0	0	0	0	0	0	0	0	0	0	0	0	3
622	1322	46	0	0	0	0	0	0	0	0	0	0	0	0	0	0	0	0	0	0	3
623	1322	49	0	0	0	0	0	0	0	0	0	0	0	0	0	0	0	0	0	0	3
624	1322	47	0	0	0	0	0	0	0	0	0	0	0	0	0	0	0	0	0	0	3
625	1322	48	0	0	0	0	0	0	0	0	0	0	0	0	0	0	0	0	0	0	3
626	1013	30	0	0	0	0	0	0	0	0	0	0	0	0	0	0	0	0	0	0	3
627	1013	29	0	0	0	0	0	0	0	0	0	0	0	0	0	0	0	0	0	0	3
628	3800	100	0	0	0	0	0	0	0	0	0	0	0	0	0	0	0	0	0	0	3
629	843	1648	0	0	0	0	0	0	0	0	0	0	0	0	0	0	0	0	0	0	3
630	843	1790	0	0	0	0	0	0	0	0	0	0	0	0	0	0	0	0	0	0	3
631	843	1791	0	0	0	0	0	0	0	0	0	0	0	0	0	0	0	0	0	0	3
632	843	1792	0	0	0	0	0	0	0	0	0	0	0	0	0	0	0	0	0	0	3
633	843	1793	0	0	0	0	0	0	0	0	0	0	0	0	0	0	0	0	0	0	3
634	843	1794	0	0	0	0	0	0	0	0	0	0	0	0	0	0	0	0	0	0	3
635	843	1795	0	0	0	0	0	0	0	0	0	0	0	0	0	0	0	0	0	0	3
636	843	1796	0	0	0	0	0	0	0	0	0	0	0	0	0	0	0	0	0	0	3
637	843	1797	0	0	0	0	0	0	0	0	0	0	0	0	0	0	0	0	0	0	3
638	843	1798	0	0	0	0	0	0	0	0	0	0	0	0	0	0	0	0	0	0	3
639	843	1799	0	0	0	0	0	0	0	0	0	0	0	0	0	0	0	0	0	0	3
640	843	1800	0	0	0	0	0	0	0	0	0	0	0	0	0	0	0	0	0	0	3
641	853	120	0	0	0	0	0	0	0	0	0	0	0	0	0	0	0	0	0	0	3
642	853	155	0	0	0	0	0	0	0	0	0	0	0	0	0	0	0	0	0	0	3
643	853	128	0	0	0	0	0	0	0	0	0	0	0	0	0	0	0	0	0	0	3
644	853	129	0	0	0	0	0	0	0	0	0	0	0	0	0	0	0	0	0	0	3
645	853	132	0	0	0	0	0	0	0	0	0	0	0	0	0	0	0	0	0	0	3
646	853	133	0	0	0	0	0	0	0	0	0	0	0	0	0	0	0	0	0	0	3
647	853	134	0	0	0	0	0	0	0	0	0	0	0	0	0	0	0	0	0	0	3
648	853	135	0	0	0	0	0	0	0	0	0	0	0	0	0	0	0	0	0	0	3
649	853	136	0	0	0	0	0	0	0	0	0	0	0	0	0	0	0	0	0	0	3
650	853	137	0	0	0	0	0	0	0	0	0	0	0	0	0	0	0	0	0	0	3
651	853	138	0	0	0	0	0	0	0	0	0	0	0	0	0	0	0	0	0	0	3
652	853	139	0	0	0	0	0	0	0	0	0	0	0	0	0	0	0	0	0	0	3
653	853	140	0	0	0	0	0	0	0	0	0	0	0	0	0	0	0	0	0	0	3
654	853	141	0	0	0	0	0	0	0	0	0	0	0	0	0	0	0	0	0	0	3
655	853	142	0	0	0	0	0	0	0	0	0	0	0	0	0	0	0	0	0	0	3
656	853	143	0	0	0	0	0	0	0	0	0	0	0	0	0	0	0	0	0	0	3
657	853	144	0	0	0	0	0	0	0	0	0	0	0	0	0	0	0	0	0	0	3
658	853	145	0	0	0	0	0	0	0	0	0	0	0	0	0	0	0	0	0	0	3
659	853	146	0	0	0	0	0	0	0	0	0	0	0	0	0	0	0	0	0	0	3
660	853	147	0	0	0	0	0	0	0	0	0	0	0	0	0	0	0	0	0	0	3
661	853	148	0	0	0	0	0	0	0	0	0	0	0	0	0	0	0	0	0	0	3
662	853	149	0	0	0	0	0	0	0	0	0	0	0	0	0	0	0	0	0	0	3
663	853	150	0	0	0	0	0	0	0	0	0	0	0	0	0	0	0	0	0	0	3
664	853	151	0	0	0	0	0	0	0	0	0	0	0	0	0	0	0	0	0	0	3
665	853	152	0	0	0	0	0	0	0	0	0	0	0	0	0	0	0	0	0	0	3
666	853	153	0	0	0	0	0	0	0	0	0	0	0	0	0	0	0	0	0	0	3
667	853	154	0	0	0	0	0	0	0	0	0	0	0	0	0	0	0	0	0	0	3
668	1322	53	0	0	0	0	0	0	0	0	0	0	0	0	0	0	0	0	0	0	3
669	1322	54	0	0	0	0	0	0	0	0	0	0	0	0	0	0	0	0	0	0	3
670	1322	55	0	0	0	0	0	0	0	0	0	0	0	0	0	0	0	0	0	0	3
671	1322	56	0	0	0	0	0	0	0	0	0	0	0	0	0	0	0	0	0	0	3
672	1322	45	0	0	0	0	0	0	0	0	0	0	0	0	0	0	0	0	0	0	3
673	1322	58	0	0	0	0	0	0	0	0	0	0	0	0	0	0	0	0	0	0	3
674	843	1751	0	0	0	0	0	0	0	0	0	0	0	0	0	0	0	0	0	0	3
675	843	1752	0	0	0	0	0	0	0	0	0	0	0	0	0	0	0	0	0	0	3
676	4107	2004	0	0	0	0	0	0	0	0	0	0	0	0	0	0	0	0	0	0	3
677	4107	2008	0	0	0	0	0	0	0	0	0	0	0	0	0	0	0	0	0	0	3
678	4107	2006	0	0	0	0	0	0	0	0	0	0	0	0	0	0	0	0	0	0	3
679	4107	2010	0	0	0	0	0	0	0	0	0	0	0	0	0	0	0	0	0	0	3
680	4107	2501	0	0	0	0	0	0	0	0	0	0	0	0	0	0	0	0	0	0	3
681	4107	2502	0	0	0	0	0	0	0	0	0	0	0	0	0	0	0	0	0	0	3
682	2136	32	0	0	0	0	0	0	0	0	0	0	0	0	0	0	0	0	0	0	3
683	2136	33	0	0	0	0	0	0	0	0	0	0	0	0	0	0	0	0	0	0	3
684	2136	34	0	0	0	0	0	0	0	0	0	0	0	0	0	0	0	0	0	0	3
685	2136	35	0	0	0	0	0	0	0	0	0	0	0	0	0	0	0	0	0	0	3
686	2136	36	0	0	0	0	0	0	0	0	0	0	0	0	0	0	0	0	0	0	3
687	2136	37	0	0	0	0	0	0	0	0	0	0	0	0	0	0	0	0	0	0	3
688	2136	38	0	0	0	0	0	0	0	0	0	0	0	0	0	0	0	0	0	0	3
689	2136	39	0	0	0	0	0	0	0	0	0	0	0	0	0	0	0	0	0	0	3
690	846	49	228	15	0	0	0	0	0	0	49	228	15	0	0	0	0	0	0	0	3
691	846	49	229	15	0	0	0	0	0	0	49	229	15	0	0	0	0	0	0	0	3
692	846	49	230	15	0	0	0	0	0	0	49	230	15	0	0	0	0	0	0	0	3
693	846	49	231	15	0	0	0	0	0	0	49	231	15	0	0	0	0	0	0	0	3
694	846	49	232	15	0	0	0	0	0	0	49	232	15	0	0	0	0	0	0	0	3
695	845	48	193	1800	0	0	0	0	0	0	48	193	1800	0	0	0	0	0	0	0	3
696	845	48	194	1800	0	0	0	0	0	0	48	194	1800	0	0	0	0	0	0	0	3
697	845	48	195	1800	0	0	0	0	0	0	48	195	1800	0	0	0	0	0	0	0	3
698	844	48	196	1800	0	0	0	0	0	0	48	196	1800	0	0	0	0	0	0	0	3
699	844	48	197	1800	0	0	0	0	0	0	48	197	1800	0	0	0	0	0	0	0	3
700	844	48	198	1800	0	0	0	0	0	0	48	198	1800	0	0	0	0	0	0	0	3
701	844	48	199	1800	0	0	0	0	0	0	48	199	1800	0	0	0	0	0	0	0	3
702	844	48	200	1800	0	0	0	0	0	0	48	200	1800	0	0	0	0	0	0	0	3
703	844	48	201	1800	0	0	0	0	0	0	48	201	1800	0	0	0	0	0	0	0	3
704	844	48	202	1800	0	0	0	0	0	0	48	202	1800	0	0	0	0	0	0	0	3
705	844	48	203	1800	0	0	0	0	0	0	48	203	1800	0	0	0	0	0	0	0	3
706	844	48	204	1800	0	0	0	0	0	0	48	204	1800	0	0	0	0	0	0	0	3
707	844	48	205	1800	0	0	0	0	0	0	48	205	1800	0	0	0	0	0	0	0	3
708	844	48	206	1800	0	0	0	0	0	0	48	206	1800	0	0	0	0	0	0	0	3
709	844	48	207	1800	0	0	0	0	0	0	48	207	1800	0	0	0	0	0	0	0	3
710	844	48	208	1800	0	0	0	0	0	0	48	208	1800	0	0	0	0	0	0	0	3
711	844	48	209	1800	0	0	0	0	0	0	48	209	1800	0	0	0	0	0	0	0	3
712	844	48	210	1800	0	0	0	0	0	0	48	210	1800	0	0	0	0	0	0	0	3
713	844	48	211	1800	0	0	0	0	0	0	48	211	1800	0	0	0	0	0	0	0	3
714	845	48	212	1800	0	0	0	0	0	0	48	212	1800	0	0	0	0	0	0	0	3
715	845	48	213	1800	0	0	0	0	0	0	48	213	1800	0	0	0	0	0	0	0	3
716	845	48	214	1800	0	0	0	0	0	0	48	214	1800	0	0	0	0	0	0	0	3
717	845	48	215	1800	0	0	0	0	0	0	48	215	1800	0	0	0	0	0	0	0	3
718	845	48	216	1800	0	0	0	0	0	0	48	216	1800	0	0	0	0	0	0	0	3
719	845	48	217	1800	0	0	0	0	0	0	48	217	1800	0	0	0	0	0	0	0	3
720	845	48	218	1800	0	0	0	0	0	0	48	218	1800	0	0	0	0	0	0	0	3
721	844	48	219	1800	0	0	0	0	0	0	48	219	1800	0	0	0	0	0	0	0	3
722	845	48	220	1800	0	0	0	0	0	0	48	220	1800	0	0	0	0	0	0	0	3
723	844	48	221	1800	0	0	0	0	0	0	48	221	1800	0	0	0	0	0	0	0	3
724	2633	98	5211	109	0	0	0	0	0	0	0	0	0	0	0	0	0	0	0	0	3
725	2633	259	5211	115	0	0	0	0	0	0	0	0	0	0	0	0	0	0	0	0	3
726	1013	31	0	0	0	0	0	0	0	0	0	0	0	0	0	0	0	0	0	0	3
727	1013	32	0	0	0	0	0	0	0	0	0	0	0	0	0	0	0	0	0	0	3
728	1013	33	0	0	0	0	0	0	0	0	0	0	0	0	0	0	0	0	0	0	3
729	1013	34	0	0	0	0	0	0	0	0	0	0	0	0	0	0	0	0	0	0	3
730	1013	35	0	0	0	0	0	0	0	0	0	0	0	0	0	0	0	0	0	0	3
731	1013	36	0	0	0	0	0	0	0	0	0	0	0	0	0	0	0	0	0	0	3
732	1013	37	0	0	0	0	0	0	0	0	0	0	0	0	0	0	0	0	0	0	3
733	1013	38	0	0	0	0	0	0	0	0	0	0	0	0	0	0	0	0	0	0	3
734	1322	59	0	0	0	0	0	0	0	0	0	0	0	0	0	0	0	0	0	0	3
735	1322	52	0	0	0	0	0	0	0	0	0	0	0	0	0	0	0	0	0	0	3
736	844	48	233	1800	0	0	0	0	0	0	48	233	1800	0	0	0	0	0	0	0	3
737	1055	400	0	0	0	0	0	0	0	0	400	0	0	0	0	0	0	0	0	0	3
738	3357	81	0	0	0	0	0	0	0	0	0	0	0	0	0	0	0	0	0	0	3
739	3357	82	0	0	0	0	0	0	0	0	0	0	0	0	0	0	0	0	0	0	3
740	3357	83	0	0	0	0	0	0	0	0	0	0	0	0	0	0	0	0	0	0	3
741	3357	84	0	0	0	0	0	0	0	0	0	0	0	0	0	0	0	0	0	0	3
742	3357	85	0	0	0	0	0	0	0	0	0	0	0	0	0	0	0	0	0	0	3
743	3357	86	0	0	0	0	0	0	0	0	0	0	0	0	0	0	0	0	0	0	3
744	3357	87	0	0	0	0	0	0	0	0	0	0	0	0	0	0	0	0	0	0	3
745	3357	88	0	0	0	0	0	0	0	0	0	0	0	0	0	0	0	0	0	0	3
746	3357	89	0	0	0	0	0	0	0	0	0	0	0	0	0	0	0	0	0	0	3
747	3357	90	0	0	0	0	0	0	0	0	0	0	0	0	0	0	0	0	0	0	3
748	3357	91	0	0	0	0	0	0	0	0	0	0	0	0	0	0	0	0	0	0	3
749	3357	92	0	0	0	0	0	0	0	0	0	0	0	0	0	0	0	0	0	0	3
750	3357	93	0	0	0	0	0	0	0	0	0	0	0	0	0	0	0	0	0	0	3
751	3357	94	0	0	0	0	0	0	0	0	0	0	0	0	0	0	0	0	0	0	3
752	3357	95	0	0	0	0	0	0	0	0	0	0	0	0	0	0	0	0	0	0	3
753	3357	96	0	0	0	0	0	0	0	0	0	0	0	0	0	0	0	0	0	0	3
754	3357	97	0	0	0	0	0	0	0	0	0	0	0	0	0	0	0	0	0	0	3
755	3357	98	0	0	0	0	0	0	0	0	0	0	0	0	0	0	0	0	0	0	3
756	3357	99	0	0	0	0	0	0	0	0	0	0	0	0	0	0	0	0	0	0	3
757	3357	100	0	0	0	0	0	0	0	0	0	0	0	0	0	0	0	0	0	0	3
758	2633	225	5211	110	0	0	0	0	0	0	0	0	0	0	0	0	0	0	0	0	3
759	5136	0	0	0	0	0	0	0	0	0	0	0	0	0	0	0	0	0	0	0	3
760	0	0	0	0	0	0	0	0	0	0	0	0	0	0	0	0	0	0	0	0	3
