0	0	0	0	0	0	0	0	0	0	0	0	0	0	0	0	0	0	0	0	0	0	0	0	0	0	0	0
1	4	3	5380	0	0	0	0	0	0	3	3	2	0	0	0	0	0	0	0	0	0	0	0	0	0	0	0
2	4	3	5380	0	0	0	0	0	0	7	7	5	0	0	0	0	0	0	0	0	0	0	0	0	0	0	0
3	4	3	0	0	0	0	0	0	0	24	24	0	0	0	0	0	0	0	0	0	0	0	0	0	0	0	0
4	4	3	5380	0	0	0	0	0	0	3	3	2	0	0	0	0	0	0	0	0	0	0	0	0	0	0	0
5	4	3	5380	0	0	0	0	0	0	8	8	6	0	0	0	0	0	0	0	0	0	0	0	0	0	0	0
6	4	3	0	0	0	0	0	0	0	28	28	0	0	0	0	0	0	0	0	0	0	0	0	0	0	0	0
7	4	3	5383	0	0	0	0	0	0	4	4	3	0	0	0	0	0	0	0	0	0	0	0	0	0	0	0
8	4	3	5383	0	0	0	0	0	0	10	10	7	0	0	0	0	0	0	0	0	0	0	0	0	0	0	0
9	4	3	0	0	0	0	0	0	0	32	32	0	0	0	0	0	0	0	0	0	0	0	0	0	0	0	0
10	4	3	5385	0	0	0	0	0	0	4	4	3	0	0	0	0	0	0	0	0	0	0	0	0	0	0	0
11	4	3	5385	0	0	0	0	0	0	11	11	8	0	0	0	0	0	0	0	0	0	0	0	0	0	0	0
12	4	3	0	0	0	0	0	0	0	36	36	0	0	0	0	0	0	0	0	0	0	0	0	0	0	0	0
13	4	3	5386	0	0	0	0	0	0	5	5	4	0	0	0	0	0	0	0	0	0	0	0	0	0	0	0
14	4	3	5386	0	0	0	0	0	0	12	12	10	0	0	0	0	0	0	0	0	0	0	0	0	0	0	0
15	4	3	0	0	0	0	0	0	0	40	40	0	0	0	0	0	0	0	0	0	0	0	0	0	0	0	0
16	4	3	5388	0	0	0	0	0	0	5	5	4	0	0	0	0	0	0	0	0	0	0	0	0	0	0	0
17	4	3	5388	0	0	0	0	0	0	13	13	11	0	0	0	0	0	0	0	0	0	0	0	0	0	0	0
18	4	3	0	0	0	0	0	0	0	44	44	0	0	0	0	0	0	0	0	0	0	0	0	0	0	0	0
19	4	3	5390	0	0	0	0	0	0	12	12	5	0	0	0	0	0	0	0	0	0	0	0	0	0	0	0
20	4	3	5390	0	0	0	0	0	0	30	30	12	0	0	0	0	0	0	0	0	0	0	0	0	0	0	0
21	4	3	2224	0	0	0	0	0	0	48	48	1	0	0	0	0	0	0	0	0	0	0	0	0	0	0	0
22	4	3	5390	0	0	0	0	0	0	12	12	5	0	0	0	0	0	0	0	0	0	0	0	0	0	0	0
23	4	3	5390	0	0	0	0	0	0	32	32	13	0	0	0	0	0	0	0	0	0	0	0	0	0	0	0
24	4	3	2014	2237	0	0	0	0	0	52	52	1	1	0	0	0	0	0	0	0	0	0	0	0	0	0	0
25	4	3	5391	0	0	0	0	0	0	14	14	6	0	0	0	0	0	0	0	0	0	0	0	0	0	0	0
26	4	3	5391	0	0	0	0	0	0	34	34	15	0	0	0	0	0	0	0	0	0	0	0	0	0	0	0
27	4	3	2237	1840	1910	0	0	0	0	56	56	1	1	1	0	0	0	0	0	0	0	0	0	0	0	0	0
28	4	3	5393	0	0	0	0	0	0	14	14	6	0	0	0	0	0	0	0	0	0	0	0	0	0	0	0
29	4	3	5393	0	0	0	0	0	0	36	36	16	0	0	0	0	0	0	0	0	0	0	0	0	0	0	0
30	4	3	5568	5565	0	0	0	0	0	60	60	1	1	0	0	0	0	0	0	0	0	0	0	0	0	0	0
31	2	5	5107	0	0	0	0	0	0	3	3	2	0	0	0	0	0	0	0	0	0	0	0	0	0	0	0
32	2	5	5107	0	0	0	0	0	0	7	7	5	0	0	0	0	0	0	0	0	0	0	0	0	0	0	0
33	2	5	0	0	0	0	0	0	0	24	24	0	0	0	0	0	0	0	0	0	0	0	0	0	0	0	0
34	2	5	5106	0	0	0	0	0	0	3	3	2	0	0	0	0	0	0	0	0	0	0	0	0	0	0	0
35	2	5	5106	0	0	0	0	0	0	8	8	6	0	0	0	0	0	0	0	0	0	0	0	0	0	0	0
36	2	5	0	0	0	0	0	0	0	28	28	0	0	0	0	0	0	0	0	0	0	0	0	0	0	0	0
37	2	5	5106	0	0	0	0	0	0	4	4	3	0	0	0	0	0	0	0	0	0	0	0	0	0	0	0
38	2	5	5106	0	0	0	0	0	0	10	10	7	0	0	0	0	0	0	0	0	0	0	0	0	0	0	0
39	2	5	0	0	0	0	0	0	0	32	32	0	0	0	0	0	0	0	0	0	0	0	0	0	0	0	0
40	2	5	5111	0	0	0	0	0	0	4	4	3	0	0	0	0	0	0	0	0	0	0	0	0	0	0	0
41	2	5	5111	0	0	0	0	0	0	11	11	8	0	0	0	0	0	0	0	0	0	0	0	0	0	0	0
42	2	5	0	0	0	0	0	0	0	36	36	0	0	0	0	0	0	0	0	0	0	0	0	0	0	0	0
43	2	5	5111	0	0	0	0	0	0	5	5	4	0	0	0	0	0	0	0	0	0	0	0	0	0	0	0
44	2	5	5111	0	0	0	0	0	0	12	12	10	0	0	0	0	0	0	0	0	0	0	0	0	0	0	0
45	2	5	0	0	0	0	0	0	0	40	40	0	0	0	0	0	0	0	0	0	0	0	0	0	0	0	0
46	2	5	5528	0	0	0	0	0	0	5	5	4	0	0	0	0	0	0	0	0	0	0	0	0	0	0	0
47	2	5	5528	0	0	0	0	0	0	13	13	11	0	0	0	0	0	0	0	0	0	0	0	0	0	0	0
48	2	5	0	0	0	0	0	0	0	44	44	0	0	0	0	0	0	0	0	0	0	0	0	0	0	0	0
49	2	5	5528	0	0	0	0	0	0	12	12	5	0	0	0	0	0	0	0	0	0	0	0	0	0	0	0
50	2	5	5528	0	0	0	0	0	0	30	30	12	0	0	0	0	0	0	0	0	0	0	0	0	0	0	0
51	2	5	1606	1616	9196	0	0	0	0	48	48	1	1	1	0	0	0	0	0	0	0	0	0	0	0	0	0
52	2	5	5114	0	0	0	0	0	0	12	12	5	0	0	0	0	0	0	0	0	0	0	0	0	0	0	0
53	2	5	5114	0	0	0	0	0	0	32	32	13	0	0	0	0	0	0	0	0	0	0	0	0	0	0	0
54	2	5	1616	1613	9196	0	0	0	0	52	52	1	1	1	0	0	0	0	0	0	0	0	0	0	0	0	0
55	2	5	5114	0	0	0	0	0	0	14	14	6	0	0	0	0	0	0	0	0	0	0	0	0	0	0	0
56	2	5	5114	0	0	0	0	0	0	34	34	15	0	0	0	0	0	0	0	0	0	0	0	0	0	0	0
57	2	5	1613	1621	1771	0	0	0	0	56	56	1	1	1	0	0	0	0	0	0	0	0	0	0	0	0	0
58	2	5	5116	0	0	0	0	0	0	14	14	6	0	0	0	0	0	0	0	0	0	0	0	0	0	0	0
59	2	5	5116	0	0	0	0	0	0	36	36	16	0	0	0	0	0	0	0	0	0	0	0	0	0	0	0
60	2	5	1636	5566	0	0	0	0	0	60	60	1	1	0	0	0	0	0	0	0	0	0	0	0	0	0	0
61	3	5	5107	0	0	0	0	0	0	3	3	2	0	0	0	0	0	0	0	0	0	0	0	0	0	0	0
62	3	5	5107	0	0	0	0	0	0	7	7	5	0	0	0	0	0	0	0	0	0	0	0	0	0	0	0
63	3	5	0	0	0	0	0	0	0	24	24	0	0	0	0	0	0	0	0	0	0	0	0	0	0	0	0
64	3	5	5106	0	0	0	0	0	0	3	3	2	0	0	0	0	0	0	0	0	0	0	0	0	0	0	0
65	3	5	5106	0	0	0	0	0	0	8	8	6	0	0	0	0	0	0	0	0	0	0	0	0	0	0	0
66	3	5	0	0	0	0	0	0	0	28	28	0	0	0	0	0	0	0	0	0	0	0	0	0	0	0	0
67	3	5	5106	0	0	0	0	0	0	4	4	3	0	0	0	0	0	0	0	0	0	0	0	0	0	0	0
68	3	5	5106	0	0	0	0	0	0	10	10	7	0	0	0	0	0	0	0	0	0	0	0	0	0	0	0
69	3	5	0	0	0	0	0	0	0	32	32	0	0	0	0	0	0	0	0	0	0	0	0	0	0	0	0
70	3	5	5111	0	0	0	0	0	0	4	4	3	0	0	0	0	0	0	0	0	0	0	0	0	0	0	0
71	3	5	5111	0	0	0	0	0	0	11	11	8	0	0	0	0	0	0	0	0	0	0	0	0	0	0	0
72	3	5	0	0	0	0	0	0	0	36	36	0	0	0	0	0	0	0	0	0	0	0	0	0	0	0	0
73	3	5	5111	0	0	0	0	0	0	5	5	4	0	0	0	0	0	0	0	0	0	0	0	0	0	0	0
74	3	5	5111	0	0	0	0	0	0	12	12	10	0	0	0	0	0	0	0	0	0	0	0	0	0	0	0
75	3	5	0	0	0	0	0	0	0	40	40	0	0	0	0	0	0	0	0	0	0	0	0	0	0	0	0
76	3	5	5528	0	0	0	0	0	0	5	5	4	0	0	0	0	0	0	0	0	0	0	0	0	0	0	0
77	3	5	5528	0	0	0	0	0	0	13	13	11	0	0	0	0	0	0	0	0	0	0	0	0	0	0	0
78	3	5	0	0	0	0	0	0	0	44	44	0	0	0	0	0	0	0	0	0	0	0	0	0	0	0	0
79	3	5	5528	0	0	0	0	0	0	12	12	5	0	0	0	0	0	0	0	0	0	0	0	0	0	0	0
80	3	5	5528	0	0	0	0	0	0	30	30	12	0	0	0	0	0	0	0	0	0	0	0	0	0	0	0
81	3	5	2225	2667	0	0	0	0	0	48	48	1	1	0	0	0	0	0	0	0	0	0	0	0	0	0	0
82	3	5	5114	0	0	0	0	0	0	12	12	5	0	0	0	0	0	0	0	0	0	0	0	0	0	0	0
83	3	5	5114	0	0	0	0	0	0	32	32	13	0	0	0	0	0	0	0	0	0	0	0	0	0	0	0
84	3	5	2667	2232	3021	0	0	0	0	52	52	1	1	1	0	0	0	0	0	0	0	0	0	0	0	0	0
85	3	5	5114	0	0	0	0	0	0	14	14	6	0	0	0	0	0	0	0	0	0	0	0	0	0	0	0
86	3	5	5114	0	0	0	0	0	0	34	34	15	0	0	0	0	0	0	0	0	0	0	0	0	0	0	0
87	3	5	2227	2259	0	0	0	0	0	56	56	1	1	0	0	0	0	0	0	0	0	0	0	0	0	0	0
88	3	5	5116	0	0	0	0	0	0	14	14	6	0	0	0	0	0	0	0	0	0	0	0	0	0	0	0
89	3	5	5116	0	0	0	0	0	0	36	36	16	0	0	0	0	0	0	0	0	0	0	0	0	0	0	0
90	3	5	3059	5437	0	0	0	0	0	60	60	1	1	0	0	0	0	0	0	0	0	0	0	0	0	0	0
91	4	2	5106	0	0	0	0	0	0	3	3	2	0	0	0	0	0	0	0	0	0	0	0	0	0	0	0
92	4	2	5106	0	0	0	0	0	0	7	7	5	0	0	0	0	0	0	0	0	0	0	0	0	0	0	0
93	4	2	0	0	0	0	0	0	0	24	24	0	0	0	0	0	0	0	0	0	0	0	0	0	0	0	0
94	4	2	5106	0	0	0	0	0	0	3	3	2	0	0	0	0	0	0	0	0	0	0	0	0	0	0	0
95	4	2	5106	0	0	0	0	0	0	8	8	6	0	0	0	0	0	0	0	0	0	0	0	0	0	0	0
96	4	2	0	0	0	0	0	0	0	28	28	0	0	0	0	0	0	0	0	0	0	0	0	0	0	0	0
97	4	2	5110	0	0	0	0	0	0	4	4	3	0	0	0	0	0	0	0	0	0	0	0	0	0	0	0
98	4	2	5110	0	0	0	0	0	0	10	10	7	0	0	0	0	0	0	0	0	0	0	0	0	0	0	0
99	4	2	0	0	0	0	0	0	0	32	32	0	0	0	0	0	0	0	0	0	0	0	0	0	0	0	0
100	4	2	5110	0	0	0	0	0	0	4	4	3	0	0	0	0	0	0	0	0	0	0	0	0	0	0	0
101	4	2	5110	0	0	0	0	0	0	11	11	8	0	0	0	0	0	0	0	0	0	0	0	0	0	0	0
102	4	2	0	0	0	0	0	0	0	36	36	0	0	0	0	0	0	0	0	0	0	0	0	0	0	0	0
103	4	2	5113	0	0	0	0	0	0	5	5	4	0	0	0	0	0	0	0	0	0	0	0	0	0	0	0
104	4	2	5113	0	0	0	0	0	0	12	12	10	0	0	0	0	0	0	0	0	0	0	0	0	0	0	0
105	4	2	0	0	0	0	0	0	0	40	40	0	0	0	0	0	0	0	0	0	0	0	0	0	0	0	0
106	4	2	5113	0	0	0	0	0	0	5	5	4	0	0	0	0	0	0	0	0	0	0	0	0	0	0	0
107	4	2	5113	0	0	0	0	0	0	13	13	11	0	0	0	0	0	0	0	0	0	0	0	0	0	0	0
108	4	2	0	0	0	0	0	0	0	44	44	0	0	0	0	0	0	0	0	0	0	0	0	0	0	0	0
109	4	2	5114	0	0	0	0	0	0	12	12	5	0	0	0	0	0	0	0	0	0	0	0	0	0	0	0
110	4	2	5114	0	0	0	0	0	0	30	30	12	0	0	0	0	0	0	0	0	0	0	0	0	0	0	0
111	4	2	2068	0	0	0	0	0	0	48	48	1	0	0	0	0	0	0	0	0	0	0	0	0	0	0	0
112	4	2	5114	0	0	0	0	0	0	12	12	5	0	0	0	0	0	0	0	0	0	0	0	0	0	0	0
113	4	2	5114	0	0	0	0	0	0	32	32	13	0	0	0	0	0	0	0	0	0	0	0	0	0	0	0
114	4	2	2068	0	0	0	0	0	0	52	52	1	0	0	0	0	0	0	0	0	0	0	0	0	0	0	0
115	4	2	5115	0	0	0	0	0	0	14	14	6	0	0	0	0	0	0	0	0	0	0	0	0	0	0	0
116	4	2	5115	0	0	0	0	0	0	34	34	15	0	0	0	0	0	0	0	0	0	0	0	0	0	0	0
117	4	2	1701	0	0	0	0	0	0	56	56	1	0	0	0	0	0	0	0	0	0	0	0	0	0	0	0
118	4	2	5115	0	0	0	0	0	0	14	14	6	0	0	0	0	0	0	0	0	0	0	0	0	0	0	0
119	4	2	5115	0	0	0	0	0	0	36	36	16	0	0	0	0	0	0	0	0	0	0	0	0	0	0	0
120	4	2	1701	5206	0	0	0	0	0	60	60	1	1	0	0	0	0	0	0	0	0	0	0	0	0	0	0
121	6	4	5341	0	0	0	0	0	0	3	3	2	0	0	0	0	0	0	0	0	0	0	0	0	0	0	0
122	6	4	5341	0	0	0	0	0	0	7	7	5	0	0	0	0	0	0	0	0	0	0	0	0	0	0	0
123	6	4	0	0	0	0	0	0	0	24	24	0	0	0	0	0	0	0	0	0	0	0	0	0	0	0	0
124	6	4	5341	0	0	0	0	0	0	3	3	2	0	0	0	0	0	0	0	0	0	0	0	0	0	0	0
125	6	4	5341	0	0	0	0	0	0	8	8	6	0	0	0	0	0	0	0	0	0	0	0	0	0	0	0
126	6	4	0	0	0	0	0	0	0	28	28	0	0	0	0	0	0	0	0	0	0	0	0	0	0	0	0
127	6	4	5343	0	0	0	0	0	0	4	4	3	0	0	0	0	0	0	0	0	0	0	0	0	0	0	0
128	6	4	5343	0	0	0	0	0	0	10	10	7	0	0	0	0	0	0	0	0	0	0	0	0	0	0	0
129	6	4	0	0	0	0	0	0	0	32	32	0	0	0	0	0	0	0	0	0	0	0	0	0	0	0	0
130	6	4	5343	0	0	0	0	0	0	4	4	3	0	0	0	0	0	0	0	0	0	0	0	0	0	0	0
131	6	4	5343	0	0	0	0	0	0	11	11	8	0	0	0	0	0	0	0	0	0	0	0	0	0	0	0
132	6	4	0	0	0	0	0	0	0	36	36	0	0	0	0	0	0	0	0	0	0	0	0	0	0	0	0
133	6	4	5345	0	0	0	0	0	0	5	5	4	0	0	0	0	0	0	0	0	0	0	0	0	0	0	0
134	6	4	5345	0	0	0	0	0	0	12	12	10	0	0	0	0	0	0	0	0	0	0	0	0	0	0	0
135	6	4	0	0	0	0	0	0	0	40	40	0	0	0	0	0	0	0	0	0	0	0	0	0	0	0	0
136	6	4	5345	0	0	0	0	0	0	5	5	4	0	0	0	0	0	0	0	0	0	0	0	0	0	0	0
137	6	4	5345	0	0	0	0	0	0	13	13	11	0	0	0	0	0	0	0	0	0	0	0	0	0	0	0
138	6	4	0	0	0	0	0	0	0	44	44	0	0	0	0	0	0	0	0	0	0	0	0	0	0	0	0
139	6	4	5346	0	0	0	0	0	0	12	12	5	0	0	0	0	0	0	0	0	0	0	0	0	0	0	0
140	6	4	5346	0	0	0	0	0	0	30	30	12	0	0	0	0	0	0	0	0	0	0	0	0	0	0	0
141	6	4	3961	3009	2998	0	0	0	0	48	48	1	1	1	0	0	0	0	0	0	0	0	0	0	0	0	0
142	6	4	5346	0	0	0	0	0	0	12	12	5	0	0	0	0	0	0	0	0	0	0	0	0	0	0	0
143	6	4	5346	0	0	0	0	0	0	32	32	13	0	0	0	0	0	0	0	0	0	0	0	0	0	0	0
144	6	4	2998	3012	2657	0	0	0	0	52	52	1	1	1	0	0	0	0	0	0	0	0	0	0	0	0	0
145	6	4	5347	0	0	0	0	0	0	14	14	6	0	0	0	0	0	0	0	0	0	0	0	0	0	0	0
146	6	4	5347	0	0	0	0	0	0	34	34	15	0	0	0	0	0	0	0	0	0	0	0	0	0	0	0
147	6	4	3342	3098	2702	0	0	0	0	56	56	1	1	1	0	0	0	0	0	0	0	0	0	0	0	0	0
148	6	4	5347	0	0	0	0	0	0	14	14	6	0	0	0	0	0	0	0	0	0	0	0	0	0	0	0
149	6	4	5347	0	0	0	0	0	0	36	36	16	0	0	0	0	0	0	0	0	0	0	0	0	0	0	0
150	6	4	2759	3108	0	0	0	0	0	60	60	1	1	0	0	0	0	0	0	0	0	0	0	0	0	0	0
151	5	4	5291	0	0	0	0	0	0	3	3	2	0	0	0	0	0	0	0	0	0	0	0	0	0	0	0
152	5	4	5291	0	0	0	0	0	0	7	7	5	0	0	0	0	0	0	0	0	0	0	0	0	0	0	0
153	5	4	0	0	0	0	0	0	0	24	24	0	0	0	0	0	0	0	0	0	0	0	0	0	0	0	0
154	5	4	5292	0	0	0	0	0	0	3	3	2	0	0	0	0	0	0	0	0	0	0	0	0	0	0	0
155	5	4	5292	0	0	0	0	0	0	8	8	6	0	0	0	0	0	0	0	0	0	0	0	0	0	0	0
156	5	4	0	0	0	0	0	0	0	28	28	0	0	0	0	0	0	0	0	0	0	0	0	0	0	0	0
157	5	4	5292	0	0	0	0	0	0	4	4	3	0	0	0	0	0	0	0	0	0	0	0	0	0	0	0
158	5	4	5292	0	0	0	0	0	0	10	10	7	0	0	0	0	0	0	0	0	0	0	0	0	0	0	0
159	5	4	0	0	0	0	0	0	0	32	32	0	0	0	0	0	0	0	0	0	0	0	0	0	0	0	0
160	5	4	5296	0	0	0	0	0	0	4	4	3	0	0	0	0	0	0	0	0	0	0	0	0	0	0	0
161	5	4	5296	0	0	0	0	0	0	11	11	8	0	0	0	0	0	0	0	0	0	0	0	0	0	0	0
162	5	4	0	0	0	0	0	0	0	36	36	0	0	0	0	0	0	0	0	0	0	0	0	0	0	0	0
163	5	4	5296	0	0	0	0	0	0	5	5	4	0	0	0	0	0	0	0	0	0	0	0	0	0	0	0
164	5	4	5296	0	0	0	0	0	0	12	12	10	0	0	0	0	0	0	0	0	0	0	0	0	0	0	0
165	5	4	0	0	0	0	0	0	0	40	40	0	0	0	0	0	0	0	0	0	0	0	0	0	0	0	0
166	5	4	5300	0	0	0	0	0	0	5	5	4	0	0	0	0	0	0	0	0	0	0	0	0	0	0	0
167	5	4	5300	0	0	0	0	0	0	13	13	11	0	0	0	0	0	0	0	0	0	0	0	0	0	0	0
168	5	4	0	0	0	0	0	0	0	44	44	0	0	0	0	0	0	0	0	0	0	0	0	0	0	0	0
169	5	4	5303	0	0	0	0	0	0	12	12	5	0	0	0	0	0	0	0	0	0	0	0	0	0	0	0
170	5	4	5303	0	0	0	0	0	0	30	30	12	0	0	0	0	0	0	0	0	0	0	0	0	0	0	0
171	5	4	3971	3964	0	0	0	0	0	48	48	1	1	0	0	0	0	0	0	0	0	0	0	0	0	0	0
172	5	4	5303	0	0	0	0	0	0	12	12	5	0	0	0	0	0	0	0	0	0	0	0	0	0	0	0
173	5	4	5303	0	0	0	0	0	0	32	32	13	0	0	0	0	0	0	0	0	0	0	0	0	0	0	0
174	5	4	3964	3602	3830	0	0	0	0	52	52	1	1	1	0	0	0	0	0	0	0	0	0	0	0	0	0
175	5	4	5306	0	0	0	0	0	0	14	14	6	0	0	0	0	0	0	0	0	0	0	0	0	0	0	0
176	5	4	5306	0	0	0	0	0	0	34	34	15	0	0	0	0	0	0	0	0	0	0	0	0	0	0	0
177	5	4	3830	5314	5313	0	0	0	0	56	56	1	3	3	0	0	0	0	0	0	0	0	0	0	0	0	0
178	5	4	5310	0	0	0	0	0	0	14	14	6	0	0	0	0	0	0	0	0	0	0	0	0	0	0	0
179	5	4	5310	0	0	0	0	0	0	36	36	16	0	0	0	0	0	0	0	0	0	0	0	0	0	0	0
180	5	4	5314	5313	5567	0	0	0	0	60	60	3	3	1	0	0	0	0	0	0	0	0	0	0	0	0	0
181	7	6	5268	0	0	0	0	0	0	3	3	2	0	0	0	0	0	0	0	0	0	0	0	0	0	0	0
182	7	6	5268	0	0	0	0	0	0	7	7	5	0	0	0	0	0	0	0	0	0	0	0	0	0	0	0
183	7	6	0	0	0	0	0	0	0	24	24	0	0	0	0	0	0	0	0	0	0	0	0	0	0	0	0
184	7	6	5268	0	0	0	0	0	0	3	3	2	0	0	0	0	0	0	0	0	0	0	0	0	0	0	0
185	7	6	5268	0	0	0	0	0	0	8	8	6	0	0	0	0	0	0	0	0	0	0	0	0	0	0	0
186	7	6	0	0	0	0	0	0	0	28	28	0	0	0	0	0	0	0	0	0	0	0	0	0	0	0	0
187	7	6	5268	0	0	0	0	0	0	4	4	3	0	0	0	0	0	0	0	0	0	0	0	0	0	0	0
188	7	6	5268	0	0	0	0	0	0	10	10	7	0	0	0	0	0	0	0	0	0	0	0	0	0	0	0
189	7	6	0	0	0	0	0	0	0	32	32	0	0	0	0	0	0	0	0	0	0	0	0	0	0	0	0
190	7	6	5269	0	0	0	0	0	0	4	4	3	0	0	0	0	0	0	0	0	0	0	0	0	0	0	0
191	7	6	5269	0	0	0	0	0	0	11	11	8	0	0	0	0	0	0	0	0	0	0	0	0	0	0	0
192	7	6	0	0	0	0	0	0	0	36	36	0	0	0	0	0	0	0	0	0	0	0	0	0	0	0	0
193	7	6	5269	0	0	0	0	0	0	5	5	4	0	0	0	0	0	0	0	0	0	0	0	0	0	0	0
194	7	6	5269	0	0	0	0	0	0	12	12	10	0	0	0	0	0	0	0	0	0	0	0	0	0	0	0
195	7	6	0	0	0	0	0	0	0	40	40	0	0	0	0	0	0	0	0	0	0	0	0	0	0	0	0
196	7	6	5270	0	0	0	0	0	0	5	5	4	0	0	0	0	0	0	0	0	0	0	0	0	0	0	0
197	7	6	5270	0	0	0	0	0	0	13	13	11	0	0	0	0	0	0	0	0	0	0	0	0	0	0	0
198	7	6	0	0	0	0	0	0	0	44	44	0	0	0	0	0	0	0	0	0	0	0	0	0	0	0	0
199	7	6	5270	0	0	0	0	0	0	12	12	5	0	0	0	0	0	0	0	0	0	0	0	0	0	0	0
200	7	6	5270	0	0	0	0	0	0	30	30	12	0	0	0	0	0	0	0	0	0	0	0	0	0	0	0
201	7	6	2158	0	0	0	0	0	0	48	48	1	0	0	0	0	0	0	0	0	0	0	0	0	0	0	0
202	7	6	5271	0	0	0	0	0	0	12	12	5	0	0	0	0	0	0	0	0	0	0	0	0	0	0	0
203	7	6	5271	0	0	0	0	0	0	32	32	13	0	0	0	0	0	0	0	0	0	0	0	0	0	0	0
204	7	6	2158	0	0	0	0	0	0	52	52	1	0	0	0	0	0	0	0	0	0	0	0	0	0	0	0
205	7	6	5558	0	0	0	0	0	0	14	14	3	0	0	0	0	0	0	0	0	0	0	0	0	0	0	0
206	7	6	5558	0	0	0	0	0	0	34	34	7	0	0	0	0	0	0	0	0	0	0	0	0	0	0	0
207	7	6	2158	0	0	0	0	0	0	56	56	1	0	0	0	0	0	0	0	0	0	0	0	0	0	0	0
208	7	6	5272	0	0	0	0	0	0	14	14	6	0	0	0	0	0	0	0	0	0	0	0	0	0	0	0
209	7	6	5272	0	0	0	0	0	0	36	36	16	0	0	0	0	0	0	0	0	0	0	0	0	0	0	0
210	7	6	5569	5537	9374	0	0	0	0	60	60	1	1	1	0	0	0	0	0	0	0	0	0	0	0	0	0
211	2	7	0	0	0	0	0	0	0	3	3	0	0	0	0	0	0	0	0	0	0	0	0	0	0	0	0
212	2	7	0	0	0	0	0	0	0	7	7	0	0	0	0	0	0	0	0	0	0	0	0	0	0	0	0
213	2	7	0	0	0	0	0	0	0	24	24	0	0	0	0	0	0	0	0	0	0	0	0	0	0	0	0
214	2	7	0	0	0	0	0	0	0	3	3	0	0	0	0	0	0	0	0	0	0	0	0	0	0	0	0
215	2	7	0	0	0	0	0	0	0	8	8	0	0	0	0	0	0	0	0	0	0	0	0	0	0	0	0
216	2	7	0	0	0	0	0	0	0	28	28	0	0	0	0	0	0	0	0	0	0	0	0	0	0	0	0
217	2	7	0	0	0	0	0	0	0	4	4	0	0	0	0	0	0	0	0	0	0	0	0	0	0	0	0
218	2	7	0	0	0	0	0	0	0	10	10	0	0	0	0	0	0	0	0	0	0	0	0	0	0	0	0
219	2	7	0	0	0	0	0	0	0	32	32	0	0	0	0	0	0	0	0	0	0	0	0	0	0	0	0
220	2	7	0	0	0	0	0	0	0	4	4	0	0	0	0	0	0	0	0	0	0	0	0	0	0	0	0
221	2	7	0	0	0	0	0	0	0	11	11	0	0	0	0	0	0	0	0	0	0	0	0	0	0	0	0
222	2	7	0	0	0	0	0	0	0	36	36	0	0	0	0	0	0	0	0	0	0	0	0	0	0	0	0
223	2	7	0	0	0	0	0	0	0	5	5	0	0	0	0	0	0	0	0	0	0	0	0	0	0	0	0
224	2	7	0	0	0	0	0	0	0	12	12	0	0	0	0	0	0	0	0	0	0	0	0	0	0	0	0
225	2	7	0	0	0	0	0	0	0	40	40	0	0	0	0	0	0	0	0	0	0	0	0	0	0	0	0
226	2	7	0	0	0	0	0	0	0	5	5	0	0	0	0	0	0	0	0	0	0	0	0	0	0	0	0
227	2	7	0	0	0	0	0	0	0	13	13	0	0	0	0	0	0	0	0	0	0	0	0	0	0	0	0
228	2	7	0	0	0	0	0	0	0	44	44	0	0	0	0	0	0	0	0	0	0	0	0	0	0	0	0
229	2	7	0	0	0	0	0	0	0	12	12	0	0	0	0	0	0	0	0	0	0	0	0	0	0	0	0
230	2	7	0	0	0	0	0	0	0	30	30	0	0	0	0	0	0	0	0	0	0	0	0	0	0	0	0
231	2	7	0	0	0	0	0	0	0	48	48	0	0	0	0	0	0	0	0	0	0	0	0	0	0	0	0
232	2	7	0	0	0	0	0	0	0	12	12	0	0	0	0	0	0	0	0	0	0	0	0	0	0	0	0
233	2	7	0	0	0	0	0	0	0	32	32	0	0	0	0	0	0	0	0	0	0	0	0	0	0	0	0
234	2	7	0	0	0	0	0	0	0	52	52	0	0	0	0	0	0	0	0	0	0	0	0	0	0	0	0
235	2	7	0	0	0	0	0	0	0	14	14	0	0	0	0	0	0	0	0	0	0	0	0	0	0	0	0
236	2	7	0	0	0	0	0	0	0	34	34	0	0	0	0	0	0	0	0	0	0	0	0	0	0	0	0
237	2	7	0	0	0	0	0	0	0	56	56	0	0	0	0	0	0	0	0	0	0	0	0	0	0	0	0
238	2	7	0	0	0	0	0	0	0	14	14	0	0	0	0	0	0	0	0	0	0	0	0	0	0	0	0
239	2	7	0	0	0	0	0	0	0	36	36	0	0	0	0	0	0	0	0	0	0	0	0	0	0	0	0
240	2	7	0	0	0	0	0	0	0	60	60	0	0	0	0	0	0	0	0	0	0	0	0	0	0	0	0
241	1996	1958	1959	2219	0	0	0	0	0	1	1	1	1	0	0	0	0	0	0	0	0	0	0	0	0	0	0
242	1820	1821	0	0	0	0	0	0	0	1	1	0	0	0	0	0	0	0	0	0	0	0	0	0	0	0	0
243	1891	1892	0	0	0	0	0	0	0	1	1	0	0	0	0	0	0	0	0	0	0	0	0	0	0	0	0
244	1602	1603	2226	0	0	0	0	0	0	1	1	1	0	0	0	0	0	0	0	0	0	0	0	0	0	0	0
245	1681	1682	0	0	0	0	0	0	0	1	1	0	0	0	0	0	0	0	0	0	0	0	0	0	0	0	0
246	1750	0	0	0	0	0	0	0	0	1	0	0	0	0	0	0	0	0	0	0	0	0	0	0	0	0	0
247	2106	2056	2219	0	0	0	0	0	0	1	1	1	0	0	0	0	0	0	0	0	0	0	0	0	0	0	0
248	2143	0	0	0	0	0	0	0	0	1	0	0	0	0	0	0	0	0	0	0	0	0	0	0	0	0	0
249	2652	2655	2654	2999	3010	3011	3008	0	0	1	1	1	1	1	1	1	0	0	0	0	0	0	0	0	0	0	0
250	3530	3535	3534	3311	3312	3313	0	0	0	1	1	1	1	1	1	0	0	0	0	0	0	0	0	0	0	0	0
251	3762	3766	3765	3767	3962	3963	0	0	0	1	1	1	1	1	1	0	0	0	0	0	0	0	0	0	0	0	0
252	4305	4306	4091	4092	0	0	0	0	0	1	1	1	1	0	0	0	0	0	0	0	0	0	0	0	0	0	0
253	4657	4639	4689	4696	4551	4555	0	0	0	1	1	1	1	1	1	0	0	0	0	0	0	0	0	0	0	0	0
254	1997	1960	2228	2229	0	0	0	0	0	1	1	1	1	0	0	0	0	0	0	0	0	0	0	0	0	0	0
255	1823	0	0	0	0	0	0	0	0	1	0	0	0	0	0	0	0	0	0	0	0	0	0	0	0	0	0
256	1893	1894	0	0	0	0	0	0	0	1	1	0	0	0	0	0	0	0	0	0	0	0	0	0	0	0	0
257	1604	1605	2230	0	0	0	0	0	0	1	1	1	0	0	0	0	0	0	0	0	0	0	0	0	0	0	0
258	1684	0	0	0	0	0	0	0	0	1	0	0	0	0	0	0	0	0	0	0	0	0	0	0	0	0	0
259	1752	1751	0	0	0	0	0	0	0	1	1	0	0	0	0	0	0	0	0	0	0	0	0	0	0	0	0
260	2108	2058	2226	2229	0	0	0	0	0	1	1	1	1	0	0	0	0	0	0	0	0	0	0	0	0	0	0
261	2145	2146	0	0	0	0	0	0	0	1	1	0	0	0	0	0	0	0	0	0	0	0	0	0	0	0	0
262	2665	2661	2664	3017	3015	3018	2668	0	0	1	1	1	1	1	1	1	0	0	0	0	0	0	0	0	0	0	0
263	3541	3538	3540	3319	3316	3539	3320	0	0	1	1	1	1	1	1	1	0	0	0	0	0	0	0	0	0	0	0
264	3772	3769	3967	3968	3773	0	0	0	0	1	1	1	1	1	0	0	0	0	0	0	0	0	0	0	0	0	0
265	4198	4093	4422	4421	0	0	0	0	0	1	1	1	1	0	0	0	0	0	0	0	0	0	0	0	0	0	0
266	4735	4641	4551	4555	0	0	0	0	0	1	1	1	1	0	0	0	0	0	0	0	0	0	0	0	0	0	0
267	1998	2000	1961	2233	0	0	0	0	0	1	1	1	1	0	0	0	0	0	0	0	0	0	0	0	0	0	0
268	1825	1824	0	0	0	0	0	0	0	1	1	0	0	0	0	0	0	0	0	0	0	0	0	0	0	0	0
269	1895	0	0	0	0	0	0	0	0	1	0	0	0	0	0	0	0	0	0	0	0	0	0	0	0	0	0
270	1607	1609	2236	0	0	0	0	0	0	1	1	1	0	0	0	0	0	0	0	0	0	0	0	0	0	0	0
271	1686	1685	0	0	0	0	0	0	0	1	1	0	0	0	0	0	0	0	0	0	0	0	0	0	0	0	0
272	1754	1756	0	0	0	0	0	0	0	1	1	0	0	0	0	0	0	0	0	0	0	0	0	0	0	0	0
273	2109	2059	2061	2231	2233	0	0	0	0	1	1	1	1	1	0	0	0	0	0	0	0	0	0	0	0	0	0
274	2147	0	0	0	0	0	0	0	0	1	0	0	0	0	0	0	0	0	0	0	0	0	0	0	0	0	0
275	2677	2675	2673	3028	3024	3026	3022	2669	0	1	1	1	1	1	1	1	1	0	0	0	0	0	0	0	0	0	0
276	3552	3547	3544	3550	3332	3327	3325	3546	0	1	1	1	1	1	1	1	1	0	0	0	0	0	0	0	0	0	0
277	3784	3777	3775	3980	3974	3972	3780	3970	0	1	1	1	1	1	1	1	1	0	0	0	0	0	0	0	0	0	0
278	4309	4311	4097	4094	4430	0	0	0	0	1	1	1	1	1	0	0	0	0	0	0	0	0	0	0	0	0	0
279	4666	4708	4651	4697	0	0	0	0	0	1	1	1	1	0	0	0	0	0	0	0	0	0	0	0	0	0	0
280	2002	2004	1963	2010	0	0	0	0	0	1	1	1	1	0	0	0	0	0	0	0	0	0	0	0	0	0	0
281	1827	1833	0	0	0	0	0	0	0	1	1	0	0	0	0	0	0	0	0	0	0	0	0	0	0	0	0
282	1897	1899	0	0	0	0	0	0	0	1	1	0	0	0	0	0	0	0	0	0	0	0	0	0	0	0	0
283	1614	1622	1611	2242	2241	0	0	0	0	1	1	1	1	1	0	0	0	0	0	0	0	0	0	0	0	0	0
284	1688	1694	0	0	0	0	0	0	0	1	1	0	0	0	0	0	0	0	0	0	0	0	0	0	0	0	0
285	1758	1764	0	0	0	0	0	0	0	1	1	0	0	0	0	0	0	0	0	0	0	0	0	0	0	0	0
286	2111	2063	2239	2116	0	0	0	0	0	1	1	1	1	0	0	0	0	0	0	0	0	0	0	0	0	0	0
287	2149	2151	0	0	0	0	0	0	0	1	1	0	0	0	0	0	0	0	0	0	0	0	0	0	0	0	0
288	2708	2703	2712	3043	3036	3045	3057	3062	0	1	1	1	1	1	1	1	1	0	0	0	0	0	0	0	0	0	0
289	3559	3568	3563	3557	3337	3334	3339	3570	0	1	1	1	1	1	1	1	1	0	0	0	0	0	0	0	0	0	0
290	3791	3788	3793	3983	3987	3985	3989	3991	0	1	1	1	1	1	1	1	1	0	0	0	0	0	0	0	0	0	0
291	4209	4100	4433	0	0	0	0	0	0	1	1	1	0	0	0	0	0	0	0	0	0	0	0	0	0	0	0
292	4662	4643	4690	4698	4551	4555	0	0	0	1	1	1	1	1	1	0	0	0	0	0	0	0	0	0	0	0	0
293	2011	1965	2246	2250	0	0	0	0	0	1	1	1	1	0	0	0	0	0	0	0	0	0	0	0	0	0	0
294	1836	0	0	0	0	0	0	0	0	1	0	0	0	0	0	0	0	0	0	0	0	0	0	0	0	0	0
295	1905	1908	0	0	0	0	0	0	0	1	1	0	0	0	0	0	0	0	0	0	0	0	0	0	0	0	0
296	1625	1627	2248	0	0	0	0	0	0	1	1	1	0	0	0	0	0	0	0	0	0	0	0	0	0	0	0
297	1697	0	0	0	0	0	0	0	0	1	0	0	0	0	0	0	0	0	0	0	0	0	0	0	0	0	0
298	1766	1769	0	0	0	0	0	0	0	1	1	0	0	0	0	0	0	0	0	0	0	0	0	0	0	0	0
299	2118	2066	2069	2250	0	0	0	0	0	1	1	1	1	0	0	0	0	0	0	0	0	0	0	0	0	0	0
300	2156	0	0	0	0	0	0	0	0	1	0	0	0	0	0	0	0	0	0	0	0	0	0	0	0	0	0
301	2729	2728	3066	3090	3068	0	0	0	0	1	1	1	1	1	0	0	0	0	0	0	0	0	0	0	0	0	0
302	3576	3581	3579	3349	3355	3352	3354	0	0	1	1	1	1	1	1	1	0	0	0	0	0	0	0	0	0	0	0
303	3808	3821	3996	4001	3998	3806	0	0	0	1	1	1	1	1	1	0	0	0	0	0	0	0	0	0	0	0	0
304	4315	4317	4106	4103	4439	0	0	0	0	1	1	1	1	1	0	0	0	0	0	0	0	0	0	0	0	0	0
305	4711	4644	4731	4653	4552	4555	0	0	0	1	1	1	1	1	1	0	0	0	0	0	0	0	0	0	0	0	0
306	2015	2021	1967	0	0	0	0	0	0	1	1	1	0	0	0	0	0	0	0	0	0	0	0	0	0	0	0
307	1838	1845	0	0	0	0	0	0	0	1	1	0	0	0	0	0	0	0	0	0	0	0	0	0	0	0	0
308	1915	0	0	0	0	0	0	0	0	1	0	0	0	0	0	0	0	0	0	0	0	0	0	0	0	0	0
309	1633	2257	0	0	0	0	0	0	0	1	1	0	0	0	0	0	0	0	0	0	0	0	0	0	0	0	0
310	1699	1706	0	0	0	0	0	0	0	1	1	0	0	0	0	0	0	0	0	0	0	0	0	0	0	0	0
311	1776	0	0	0	0	0	0	0	0	1	0	0	0	0	0	0	0	0	0	0	0	0	0	0	0	0	0
312	2121	2071	2076	0	0	0	0	0	0	1	1	1	0	0	0	0	0	0	0	0	0	0	0	0	0	0	0
313	2160	0	0	0	0	0	0	0	0	1	0	0	0	0	0	0	0	0	0	0	0	0	0	0	0	0	0
314	2753	2763	2755	3100	3106	3102	3096	0	0	1	1	1	1	1	1	1	0	0	0	0	0	0	0	0	0	0	0
315	3597	3603	3599	3586	3367	3372	3370	0	0	1	1	1	1	1	1	1	0	0	0	0	0	0	0	0	0	0	0
316	3827	3831	3825	4011	4013	4009	4007	0	0	1	1	1	1	1	1	1	0	0	0	0	0	0	0	0	0	0	0
317	4226	4121	4214	4224	4220	4218	4222	0	0	1	1	1	1	1	1	1	0	0	0	0	0	0	0	0	0	0	0
318	4670	4645	4691	4700	4552	4556	0	0	0	1	1	1	1	1	1	0	0	0	0	0	0	0	0	0	0	0	0
319	2023	1850	1917	1639	1708	1778	2078	2166	8665	1	1	1	1	1	1	1	1	1	0	0	0	0	0	0	0	0	0
320	2014	1606	1616	2068	2158	2224	2225	9196	0	1	1	1	1	1	1	1	1	0	0	0	0	0	0	0	0	0	0
321	2262	2667	2774	2776	2998	3009	3125	3131	0	1	1	1	1	1	1	1	1	0	0	0	0	0	0	0	0	0	0
322	3614	3611	3616	3850	3844	3841	0	0	0	1	1	1	1	1	1	0	0	0	0	0	0	0	0	0	0	0	0
323	3386	3383	3397	4024	4022	4030	0	0	0	1	1	1	1	1	1	0	0	0	0	0	0	0	0	0	0	0	0
324	4335	4337	4124	4130	4465	0	0	0	0	1	1	1	1	1	0	0	0	0	0	0	0	0	0	0	0	0	0
325	4663	4702	4552	4556	0	0	0	0	0	1	1	1	1	0	0	0	0	0	0	0	0	0	0	0	0	0	0
326	2030	1855	1925	1650	1716	2270	0	0	0	1	1	1	1	1	1	0	0	0	0	0	0	0	0	0	0	0	0
327	1786	2083	2174	1613	2268	9209	0	0	0	1	1	1	1	1	1	0	0	0	0	0	0	0	0	0	0	0	0
328	2812	2806	2810	3021	3146	3149	3147	0	0	1	1	1	1	1	1	1	0	0	0	0	0	0	0	0	0	0	0
329	3623	3625	3628	3640	3854	3856	3851	0	0	1	1	1	1	1	1	1	0	0	0	0	0	0	0	0	0	0	0
330	3407	3411	3408	3342	4034	4036	4039	0	0	1	1	1	1	1	1	1	0	0	0	0	0	0	0	0	0	0	0
331	4247	4239	4237	4235	4353	4147	4480	4468	0	1	1	1	1	1	1	1	1	0	0	0	0	0	0	0	0	0	0
332	4646	4692	4733	4747	4552	4556	0	0	0	1	1	1	1	1	1	0	0	0	0	0	0	0	0	0	0	0	0
333	1840	1910	1621	1701	1771	2039	1867	1937	0	1	1	1	1	1	1	1	1	0	0	0	0	0	0	0	0	0	0
334	1659	1728	1796	2094	2185	2259	2287	8667	0	1	1	1	1	1	1	1	1	0	0	0	0	0	0	0	0	0	0
335	3059	3108	3183	3185	3191	2702	2835	2862	0	1	1	1	1	1	1	1	1	0	0	0	0	0	0	0	0	0	0
336	3654	3666	3678	3881	3883	3886	0	0	0	1	1	1	1	1	1	0	0	0	0	0	0	0	0	0	0	0	0
337	3431	3429	3427	4047	4049	4052	0	0	0	1	1	1	1	1	1	0	0	0	0	0	0	0	0	0	0	0	0
338	4367	4375	4371	4361	4363	4153	4150	4497	0	1	1	1	1	1	1	1	1	0	0	0	0	0	0	0	0	0	0
339	4655	4664	4693	4703	4553	4556	0	0	0	1	1	1	1	1	1	0	0	0	0	0	0	0	0	0	0	0	0
340	6141	0	0	0	0	0	0	0	0	1	0	0	0	0	0	0	0	0	0	0	0	0	0	0	0	0	0
341	2585	2586	0	0	0	0	0	0	0	12	12	0	0	0	0	0	0	0	0	0	0	0	0	0	0	0	0
342	2585	2586	2587	0	0	0	0	0	0	12	12	12	0	0	0	0	0	0	0	0	0	0	0	0	0	0	0
343	2587	2590	2591	2592	0	0	0	0	0	12	12	12	12	0	0	0	0	0	0	0	0	0	0	0	0	0	0
344	2591	2592	2594	0	0	0	0	0	0	12	12	12	0	0	0	0	0	0	0	0	0	0	0	0	0	0	0
345	2614	2612	2611	0	0	0	0	0	0	3	3	3	0	0	0	0	0	0	0	0	0	0	0	0	0	0	0
346	2612	2610	2615	0	0	0	0	0	0	3	3	3	0	0	0	0	0	0	0	0	0	0	0	0	0	0	0
347	2610	2615	2616	2617	0	0	0	0	0	3	3	3	3	0	0	0	0	0	0	0	0	0	0	0	0	0	0
348	2623	2619	2617	2620	0	0	0	0	0	3	3	3	3	0	0	0	0	0	0	0	0	0	0	0	0	0	0
349	2624	2622	2618	2620	0	0	0	0	0	3	3	3	3	0	0	0	0	0	0	0	0	0	0	0	0	0	0
350	2628	2625	2626	2627	2624	0	0	0	0	3	3	3	3	3	0	0	0	0	0	0	0	0	0	0	0	0	0
351	4	3	2	5	7	6	0	0	0	7	7	7	7	7	7	0	0	0	0	0	0	0	0	0	0	0	0
352	4	3	2	5	7	6	0	0	0	24	24	24	24	24	24	0	0	0	0	0	0	0	0	0	0	0	0
353	4	3	2	5	7	6	0	0	0	8	8	8	8	8	8	0	0	0	0	0	0	0	0	0	0	0	0
354	4	3	2	5	7	6	0	0	0	28	28	28	28	28	28	0	0	0	0	0	0	0	0	0	0	0	0
355	4	3	2	5	7	6	0	0	0	10	10	10	10	10	10	0	0	0	0	0	0	0	0	0	0	0	0
356	4	3	2	5	7	6	0	0	0	32	32	32	32	32	32	0	0	0	0	0	0	0	0	0	0	0	0
357	4	3	2	5	7	6	0	0	0	11	11	11	11	11	11	0	0	0	0	0	0	0	0	0	0	0	0
358	4	3	2	5	7	6	0	0	0	36	36	36	36	36	36	0	0	0	0	0	0	0	0	0	0	0	0
359	4	3	2	5	7	6	0	0	0	12	12	12	12	12	12	0	0	0	0	0	0	0	0	0	0	0	0
360	4	3	2	5	7	6	0	0	0	40	40	40	40	40	40	0	0	0	0	0	0	0	0	0	0	0	0
361	4	3	2	5	7	6	0	0	0	13	13	13	13	13	13	0	0	0	0	0	0	0	0	0	0	0	0
362	4	3	2	5	7	6	0	0	0	44	44	44	44	44	44	0	0	0	0	0	0	0	0	0	0	0	0
363	4	3	2	5	7	6	0	0	0	15	15	15	15	15	15	0	0	0	0	0	0	0	0	0	0	0	0
364	4	3	2	5	7	6	0	0	0	48	48	48	48	48	48	0	0	0	0	0	0	0	0	0	0	0	0
365	4	3	2	5	7	6	0	0	0	16	16	16	16	16	16	0	0	0	0	0	0	0	0	0	0	0	0
366	4	3	2	5	7	6	0	0	0	52	52	52	52	52	52	0	0	0	0	0	0	0	0	0	0	0	0
367	4	3	2	5	7	6	0	0	0	17	17	17	17	17	17	0	0	0	0	0	0	0	0	0	0	0	0
368	4	3	2	5	7	6	0	0	0	56	56	56	56	56	56	0	0	0	0	0	0	0	0	0	0	0	0
369	4	3	2	5	7	6	0	0	0	18	18	18	18	18	18	0	0	0	0	0	0	0	0	0	0	0	0
370	4	3	2	5	7	6	0	0	0	60	60	60	60	60	60	0	0	0	0	0	0	0	0	0	0	0	0
371	2333	0	0	0	0	0	0	0	0	1	0	0	0	0	0	0	0	0	0	0	0	0	0	0	0	0	0
372	2360	0	0	0	0	0	0	0	0	1	0	0	0	0	0	0	0	0	0	0	0	0	0	0	0	0	0
373	2385	0	0	0	0	0	0	0	0	1	0	0	0	0	0	0	0	0	0	0	0	0	0	0	0	0	0
374	2410	0	0	0	0	0	0	0	0	1	0	0	0	0	0	0	0	0	0	0	0	0	0	0	0	0	0
375	2461	0	0	0	0	0	0	0	0	1	0	0	0	0	0	0	0	0	0	0	0	0	0	0	0	0	0
376	2435	0	0	0	0	0	0	0	0	1	0	0	0	0	0	0	0	0	0	0	0	0	0	0	0	0	0
377	2486	0	0	0	0	0	0	0	0	1	0	0	0	0	0	0	0	0	0	0	0	0	0	0	0	0	0
378	2512	0	0	0	0	0	0	0	0	1	0	0	0	0	0	0	0	0	0	0	0	0	0	0	0	0	0
379	7796	0	0	0	0	0	0	0	0	1	0	0	0	0	0	0	0	0	0	0	0	0	0	0	0	0	0
380	9184	9185	0	0	0	0	0	0	0	1	1	0	0	0	0	0	0	0	0	0	0	0	0	0	0	0	0
381	8660	9186	0	0	0	0	0	0	0	1	1	0	0	0	0	0	0	0	0	0	0	0	0	0	0	0	0
382	8661	0	0	0	0	0	0	0	0	1	0	0	0	0	0	0	0	0	0	0	0	0	0	0	0	0	0
383	8662	8663	0	0	0	0	0	0	0	1	1	0	0	0	0	0	0	0	0	0	0	0	0	0	0	0	0
384	9193	0	0	0	0	0	0	0	0	1	0	0	0	0	0	0	0	0	0	0	0	0	0	0	0	0	0
385	8664	0	0	0	0	0	0	0	0	1	0	0	0	0	0	0	0	0	0	0	0	0	0	0	0	0	0
386	10112	0	0	0	0	0	0	0	0	3	0	0	0	0	0	0	0	0	0	0	0	0	0	0	0	0	0
387	10113	0	0	0	0	0	0	0	0	3	0	0	0	0	0	0	0	0	0	0	0	0	0	0	0	0	0
388	10114	0	0	0	0	0	0	0	0	3	0	0	0	0	0	0	0	0	0	0	0	0	0	0	0	0	0
389	10115	0	0	0	0	0	0	0	0	3	0	0	0	0	0	0	0	0	0	0	0	0	0	0	0	0	0
390	10116	0	0	0	0	0	0	0	0	3	0	0	0	0	0	0	0	0	0	0	0	0	0	0	0	0	0
391	10117	0	0	0	0	0	0	0	0	3	0	0	0	0	0	0	0	0	0	0	0	0	0	0	0	0	0
392	10118	0	0	0	0	0	0	0	0	3	0	0	0	0	0	0	0	0	0	0	0	0	0	0	0	0	0
393	10119	0	0	0	0	0	0	0	0	3	0	0	0	0	0	0	0	0	0	0	0	0	0	0	0	0	0
394	10120	0	0	0	0	0	0	0	0	3	0	0	0	0	0	0	0	0	0	0	0	0	0	0	0	0	0
395	10121	0	0	0	0	0	0	0	0	3	0	0	0	0	0	0	0	0	0	0	0	0	0	0	0	0	0
396	10122	0	0	0	0	0	0	0	0	3	0	0	0	0	0	0	0	0	0	0	0	0	0	0	0	0	0
397	10112	0	0	0	0	0	0	0	0	1	0	0	0	0	0	0	0	0	0	0	0	0	0	0	0	0	0
398	10113	0	0	0	0	0	0	0	0	1	0	0	0	0	0	0	0	0	0	0	0	0	0	0	0	0	0
399	10114	0	0	0	0	0	0	0	0	1	0	0	0	0	0	0	0	0	0	0	0	0	0	0	0	0	0
400	10115	0	0	0	0	0	0	0	0	1	0	0	0	0	0	0	0	0	0	0	0	0	0	0	0	0	0
401	10116	0	0	0	0	0	0	0	0	1	0	0	0	0	0	0	0	0	0	0	0	0	0	0	0	0	0
402	10117	0	0	0	0	0	0	0	0	1	0	0	0	0	0	0	0	0	0	0	0	0	0	0	0	0	0
403	10118	0	0	0	0	0	0	0	0	1	0	0	0	0	0	0	0	0	0	0	0	0	0	0	0	0	0
404	10119	0	0	0	0	0	0	0	0	1	0	0	0	0	0	0	0	0	0	0	0	0	0	0	0	0	0
405	10122	0	0	0	0	0	0	0	0	1	0	0	0	0	0	0	0	0	0	0	0	0	0	0	0	0	0
406	5380	5106	3	0	0	0	0	0	0	2	3	18	0	0	0	0	0	0	1	1	0	0	0	0	0	0	0
407	10	9	5384	0	0	0	0	0	0	10	10	5	0	0	0	0	0	0	0	0	0	0	0	0	0	0	0
408	10	9	5384	0	0	0	0	0	0	15	15	8	0	0	0	0	0	0	0	0	0	0	0	0	0	0	0
409	10	9	5366	0	0	0	0	0	0	11	11	2	0	0	0	0	0	0	0	0	0	0	0	0	0	0	0
410	10	9	12580	0	0	0	0	0	0	16	16	2	0	0	0	0	0	0	0	0	0	0	0	0	0	0	0
411	10	9	12580	0	0	0	0	0	0	12	12	2	0	0	0	0	0	0	0	0	0	0	0	0	0	0	0
412	10	9	12578	0	0	0	0	0	0	18	18	8	0	0	0	0	0	0	0	0	0	0	0	0	0	0	0
413	10	9	12581	0	0	0	0	0	0	13	13	2	0	0	0	0	0	0	0	0	0	0	0	0	0	0	0
414	10	9	12582	0	0	0	0	0	0	19	19	2	0	0	0	0	0	0	0	0	0	0	0	0	0	0	0
415	10	9	12582	0	0	0	0	0	0	15	15	2	0	0	0	0	0	0	0	0	0	0	0	0	0	0	0
416	10	9	12579	0	0	0	0	0	0	22	22	8	0	0	0	0	0	0	0	0	0	0	0	0	0	0	0
417	10	9	5384	0	0	0	0	0	0	20	20	25	0	0	0	0	0	0	0	0	0	0	0	0	0	0	0
418	10	9	5384	0	0	0	0	0	0	30	30	40	0	0	0	0	0	0	0	0	0	0	0	0	0	0	0
419	10	9	5366	0	0	0	0	0	0	22	22	10	0	0	0	0	0	0	0	0	0	0	0	0	0	0	0
420	10	9	12580	0	0	0	0	0	0	32	32	10	0	0	0	0	0	0	0	0	0	0	0	0	0	0	0
421	10	9	12580	0	0	0	0	0	0	24	24	10	0	0	0	0	0	0	0	0	0	0	0	0	0	0	0
422	10	9	12578	0	0	0	0	0	0	36	36	40	0	0	0	0	0	0	0	0	0	0	0	0	0	0	0
423	10	9	12581	0	0	0	0	0	0	26	26	10	0	0	0	0	0	0	0	0	0	0	0	0	0	0	0
424	10	9	12582	0	0	0	0	0	0	38	38	10	0	0	0	0	0	0	0	0	0	0	0	0	0	0	0
425	10	9	12582	0	0	0	0	0	0	30	30	10	0	0	0	0	0	0	0	0	0	0	0	0	0	0	0
426	10	9	12579	0	0	0	0	0	0	44	44	40	0	0	0	0	0	0	0	0	0	0	0	0	0	0	0
427	8	11	12531	0	0	0	0	0	0	10	10	5	0	0	0	0	0	0	0	0	0	0	0	0	0	0	0
428	8	11	12531	0	0	0	0	0	0	15	15	8	0	0	0	0	0	0	0	0	0	0	0	0	0	0	0
429	8	11	12518	0	0	0	0	0	0	11	11	2	0	0	0	0	0	0	0	0	0	0	0	0	0	0	0
430	8	11	12534	0	0	0	0	0	0	16	16	6	0	0	0	0	0	0	0	0	0	0	0	0	0	0	0
431	8	11	12519	0	0	0	0	0	0	12	12	2	0	0	0	0	0	0	0	0	0	0	0	0	0	0	0
432	8	11	12537	0	0	0	0	0	0	18	18	8	0	0	0	0	0	0	0	0	0	0	0	0	0	0	0
433	8	11	12524	0	0	0	0	0	0	13	13	2	0	0	0	0	0	0	0	0	0	0	0	0	0	0	0
434	8	11	12539	0	0	0	0	0	0	19	19	6	0	0	0	0	0	0	0	0	0	0	0	0	0	0	0
435	8	11	12525	0	0	0	0	0	0	15	15	2	0	0	0	0	0	0	0	0	0	0	0	0	0	0	0
436	8	11	12538	0	0	0	0	0	0	22	22	8	0	0	0	0	0	0	0	0	0	0	0	0	0	0	0
437	8	11	12531	0	0	0	0	0	0	20	20	25	0	0	0	0	0	0	0	0	0	0	0	0	0	0	0
438	8	11	12531	0	0	0	0	0	0	30	30	40	0	0	0	0	0	0	0	0	0	0	0	0	0	0	0
439	8	11	12518	0	0	0	0	0	0	22	22	10	0	0	0	0	0	0	0	0	0	0	0	0	0	0	0
440	8	11	12534	0	0	0	0	0	0	32	32	30	0	0	0	0	0	0	0	0	0	0	0	0	0	0	0
441	8	11	12519	0	0	0	0	0	0	24	24	10	0	0	0	0	0	0	0	0	0	0	0	0	0	0	0
442	8	11	12537	0	0	0	0	0	0	36	36	40	0	0	0	0	0	0	0	0	0	0	0	0	0	0	0
443	8	11	12524	0	0	0	0	0	0	26	26	10	0	0	0	0	0	0	0	0	0	0	0	0	0	0	0
444	8	11	12539	0	0	0	0	0	0	38	38	30	0	0	0	0	0	0	0	0	0	0	0	0	0	0	0
445	8	11	12525	0	0	0	0	0	0	30	30	10	0	0	0	0	0	0	0	0	0	0	0	0	0	0	0
446	8	11	12538	0	0	0	0	0	0	44	44	40	0	0	0	0	0	0	0	0	0	0	0	0	0	0	0
447	9	11	12531	0	0	0	0	0	0	10	10	5	0	0	0	0	0	0	0	0	0	0	0	0	0	0	0
448	9	11	12531	0	0	0	0	0	0	15	15	8	0	0	0	0	0	0	0	0	0	0	0	0	0	0	0
449	9	11	12518	0	0	0	0	0	0	11	11	2	0	0	0	0	0	0	0	0	0	0	0	0	0	0	0
450	9	11	12534	0	0	0	0	0	0	16	16	6	0	0	0	0	0	0	0	0	0	0	0	0	0	0	0
451	9	11	12519	0	0	0	0	0	0	12	12	2	0	0	0	0	0	0	0	0	0	0	0	0	0	0	0
452	9	11	12537	0	0	0	0	0	0	18	18	8	0	0	0	0	0	0	0	0	0	0	0	0	0	0	0
453	9	11	12524	0	0	0	0	0	0	13	13	2	0	0	0	0	0	0	0	0	0	0	0	0	0	0	0
454	9	11	12539	0	0	0	0	0	0	19	19	6	0	0	0	0	0	0	0	0	0	0	0	0	0	0	0
455	9	11	12525	0	0	0	0	0	0	15	15	2	0	0	0	0	0	0	0	0	0	0	0	0	0	0	0
456	9	11	12538	0	0	0	0	0	0	22	22	8	0	0	0	0	0	0	0	0	0	0	0	0	0	0	0
457	9	11	12531	0	0	0	0	0	0	20	20	25	0	0	0	0	0	0	0	0	0	0	0	0	0	0	0
458	9	11	12531	0	0	0	0	0	0	30	30	40	0	0	0	0	0	0	0	0	0	0	0	0	0	0	0
459	9	11	12518	0	0	0	0	0	0	22	22	10	0	0	0	0	0	0	0	0	0	0	0	0	0	0	0
460	9	11	12534	0	0	0	0	0	0	32	32	30	0	0	0	0	0	0	0	0	0	0	0	0	0	0	0
461	9	11	12519	0	0	0	0	0	0	24	24	10	0	0	0	0	0	0	0	0	0	0	0	0	0	0	0
462	9	11	12537	0	0	0	0	0	0	36	36	40	0	0	0	0	0	0	0	0	0	0	0	0	0	0	0
463	9	11	12524	0	0	0	0	0	0	26	26	10	0	0	0	0	0	0	0	0	0	0	0	0	0	0	0
464	9	11	12539	0	0	0	0	0	0	38	38	30	0	0	0	0	0	0	0	0	0	0	0	0	0	0	0
465	9	11	12525	0	0	0	0	0	0	30	30	10	0	0	0	0	0	0	0	0	0	0	0	0	0	0	0
466	9	11	12538	0	0	0	0	0	0	44	44	40	0	0	0	0	0	0	0	0	0	0	0	0	0	0	0
467	10	8	12531	0	0	0	0	0	0	10	10	5	0	0	0	0	0	0	0	0	0	0	0	0	0	0	0
468	10	8	12531	0	0	0	0	0	0	15	15	8	0	0	0	0	0	0	0	0	0	0	0	0	0	0	0
469	10	8	12518	0	0	0	0	0	0	11	11	2	0	0	0	0	0	0	0	0	0	0	0	0	0	0	0
470	10	8	12534	0	0	0	0	0	0	16	16	6	0	0	0	0	0	0	0	0	0	0	0	0	0	0	0
471	10	8	12518	0	0	0	0	0	0	12	12	2	0	0	0	0	0	0	0	0	0	0	0	0	0	0	0
472	10	8	12532	0	0	0	0	0	0	18	18	8	0	0	0	0	0	0	0	0	0	0	0	0	0	0	0
473	10	8	12520	0	0	0	0	0	0	13	13	2	0	0	0	0	0	0	0	0	0	0	0	0	0	0	0
474	10	8	12535	0	0	0	0	0	0	19	19	6	0	0	0	0	0	0	0	0	0	0	0	0	0	0	0
475	10	8	12521	0	0	0	0	0	0	15	15	2	0	0	0	0	0	0	0	0	0	0	0	0	0	0	0
476	10	8	12533	0	0	0	0	0	0	22	22	8	0	0	0	0	0	0	0	0	0	0	0	0	0	0	0
477	10	8	12531	0	0	0	0	0	0	20	20	25	0	0	0	0	0	0	0	0	0	0	0	0	0	0	0
478	10	8	12531	0	0	0	0	0	0	30	30	40	0	0	0	0	0	0	0	0	0	0	0	0	0	0	0
479	10	8	12518	0	0	0	0	0	0	22	22	10	0	0	0	0	0	0	0	0	0	0	0	0	0	0	0
480	10	8	12534	0	0	0	0	0	0	32	32	30	0	0	0	0	0	0	0	0	0	0	0	0	0	0	0
481	10	8	12518	0	0	0	0	0	0	24	24	10	0	0	0	0	0	0	0	0	0	0	0	0	0	0	0
482	10	8	12532	0	0	0	0	0	0	36	36	40	0	0	0	0	0	0	0	0	0	0	0	0	0	0	0
483	10	8	12520	0	0	0	0	0	0	26	26	10	0	0	0	0	0	0	0	0	0	0	0	0	0	0	0
484	10	8	12535	0	0	0	0	0	0	38	38	30	0	0	0	0	0	0	0	0	0	0	0	0	0	0	0
485	10	8	12521	0	0	0	0	0	0	30	30	10	0	0	0	0	0	0	0	0	0	0	0	0	0	0	0
486	10	8	12533	0	0	0	0	0	0	44	44	40	0	0	0	0	0	0	0	0	0	0	0	0	0	0	0
487	12	10	12594	0	0	0	0	0	0	10	10	2	0	0	0	0	0	0	0	0	0	0	0	0	0	0	0
488	12	10	12594	0	0	0	0	0	0	15	15	3	0	0	0	0	0	0	0	0	0	0	0	0	0	0	0
489	12	10	12588	0	0	0	0	0	0	11	11	2	0	0	0	0	0	0	0	0	0	0	0	0	0	0	0
490	12	10	12589	0	0	0	0	0	0	16	16	2	0	0	0	0	0	0	0	0	0	0	0	0	0	0	0
491	12	10	12595	0	0	0	0	0	0	12	12	2	0	0	0	0	0	0	0	0	0	0	0	0	0	0	0
492	12	10	12590	0	0	0	0	0	0	18	18	2	0	0	0	0	0	0	0	0	0	0	0	0	0	0	0
493	12	10	12600	0	0	0	0	0	0	13	13	3	0	0	0	0	0	0	0	0	0	0	0	0	0	0	0
494	12	10	12591	0	0	0	0	0	0	19	19	2	0	0	0	0	0	0	0	0	0	0	0	0	0	0	0
495	12	10	12591	0	0	0	0	0	0	15	15	2	0	0	0	0	0	0	0	0	0	0	0	0	0	0	0
496	12	10	12599	0	0	0	0	0	0	22	22	8	0	0	0	0	0	0	0	0	0	0	0	0	0	0	0
497	12	10	12594	0	0	0	0	0	0	20	20	10	0	0	0	0	0	0	0	0	0	0	0	0	0	0	0
498	12	10	12594	0	0	0	0	0	0	30	30	15	0	0	0	0	0	0	0	0	0	0	0	0	0	0	0
499	12	10	12588	0	0	0	0	0	0	22	22	10	0	0	0	0	0	0	0	0	0	0	0	0	0	0	0
500	12	10	12589	0	0	0	0	0	0	32	32	10	0	0	0	0	0	0	0	0	0	0	0	0	0	0	0
501	12	10	12595	0	0	0	0	0	0	24	24	10	0	0	0	0	0	0	0	0	0	0	0	0	0	0	0
502	12	10	12590	0	0	0	0	0	0	36	36	10	0	0	0	0	0	0	0	0	0	0	0	0	0	0	0
503	12	10	12600	0	0	0	0	0	0	26	26	15	0	0	0	0	0	0	0	0	0	0	0	0	0	0	0
504	12	10	12591	0	0	0	0	0	0	38	38	10	0	0	0	0	0	0	0	0	0	0	0	0	0	0	0
505	12	10	12591	0	0	0	0	0	0	30	30	10	0	0	0	0	0	0	0	0	0	0	0	0	0	0	0
506	12	10	12599	0	0	0	0	0	0	44	44	40	0	0	0	0	0	0	0	0	0	0	0	0	0	0	0
507	11	10	12568	0	0	0	0	0	0	10	10	3	0	0	0	0	0	0	0	0	0	0	0	0	0	0	0
508	11	10	12568	0	0	0	0	0	0	15	15	5	0	0	0	0	0	0	0	0	0	0	0	0	0	0	0
509	11	10	12562	0	0	0	0	0	0	11	11	2	0	0	0	0	0	0	0	0	0	0	0	0	0	0	0
510	11	10	12569	0	0	0	0	0	0	16	16	5	0	0	0	0	0	0	0	0	0	0	0	0	0	0	0
511	11	10	12563	0	0	0	0	0	0	12	12	2	0	0	0	0	0	0	0	0	0	0	0	0	0	0	0
512	11	10	12570	0	0	0	0	0	0	18	18	5	0	0	0	0	0	0	0	0	0	0	0	0	0	0	0
513	11	10	12564	0	0	0	0	0	0	13	13	2	0	0	0	0	0	0	0	0	0	0	0	0	0	0	0
514	11	10	12571	0	0	0	0	0	0	19	19	5	0	0	0	0	0	0	0	0	0	0	0	0	0	0	0
515	11	10	12565	0	0	0	0	0	0	15	15	2	0	0	0	0	0	0	0	0	0	0	0	0	0	0	0
516	11	10	12572	0	0	0	0	0	0	22	22	5	0	0	0	0	0	0	0	0	0	0	0	0	0	0	0
517	11	10	12568	0	0	0	0	0	0	20	20	15	0	0	0	0	0	0	0	0	0	0	0	0	0	0	0
518	11	10	12568	0	0	0	0	0	0	30	30	25	0	0	0	0	0	0	0	0	0	0	0	0	0	0	0
519	11	10	12562	0	0	0	0	0	0	22	22	10	0	0	0	0	0	0	0	0	0	0	0	0	0	0	0
520	11	10	12569	0	0	0	0	0	0	32	32	25	0	0	0	0	0	0	0	0	0	0	0	0	0	0	0
521	11	10	12563	0	0	0	0	0	0	24	24	10	0	0	0	0	0	0	0	0	0	0	0	0	0	0	0
522	11	10	12570	0	0	0	0	0	0	36	36	25	0	0	0	0	0	0	0	0	0	0	0	0	0	0	0
523	11	10	12564	0	0	0	0	0	0	26	26	10	0	0	0	0	0	0	0	0	0	0	0	0	0	0	0
524	11	10	12571	0	0	0	0	0	0	38	38	25	0	0	0	0	0	0	0	0	0	0	0	0	0	0	0
525	11	10	12565	0	0	0	0	0	0	30	30	10	0	0	0	0	0	0	0	0	0	0	0	0	0	0	0
526	11	10	12572	0	0	0	0	0	0	44	44	25	0	0	0	0	0	0	0	0	0	0	0	0	0	0	0
527	13	12	12635	0	0	0	0	0	0	10	10	3	0	0	0	0	0	0	0	0	0	0	0	0	0	0	0
528	13	12	12628	0	0	0	0	0	0	15	15	3	0	0	0	0	0	0	0	0	0	0	0	0	0	0	0
529	13	12	12628	0	0	0	0	0	0	11	11	4	0	0	0	0	0	0	0	0	0	0	0	0	0	0	0
530	13	12	12943	0	0	0	0	0	0	16	16	3	0	0	0	0	0	0	0	0	0	0	0	0	0	0	0
531	13	12	12943	0	0	0	0	0	0	12	12	4	0	0	0	0	0	0	0	0	0	0	0	0	0	0	0
532	13	12	12636	0	0	0	0	0	0	18	18	3	0	0	0	0	0	0	0	0	0	0	0	0	0	0	0
533	13	12	12901	0	0	0	0	0	0	13	13	2	0	0	0	0	0	0	0	0	0	0	0	0	0	0	0
534	13	12	12944	0	0	0	0	0	0	19	19	3	0	0	0	0	0	0	0	0	0	0	0	0	0	0	0
535	13	12	12944	0	0	0	0	0	0	15	15	4	0	0	0	0	0	0	0	0	0	0	0	0	0	0	0
536	13	12	12630	0	0	0	0	0	0	22	22	3	0	0	0	0	0	0	0	0	0	0	0	0	0	0	0
537	13	12	12635	0	0	0	0	0	0	20	20	15	0	0	0	0	0	0	0	0	0	0	0	0	0	0	0
538	13	12	12628	0	0	0	0	0	0	30	30	15	0	0	0	0	0	0	0	0	0	0	0	0	0	0	0
539	13	12	12628	0	0	0	0	0	0	22	22	20	0	0	0	0	0	0	0	0	0	0	0	0	0	0	0
540	13	12	12943	0	0	0	0	0	0	32	32	15	0	0	0	0	0	0	0	0	0	0	0	0	0	0	0
541	13	12	12943	0	0	0	0	0	0	24	24	20	0	0	0	0	0	0	0	0	0	0	0	0	0	0	0
542	13	12	12636	0	0	0	0	0	0	36	36	15	0	0	0	0	0	0	0	0	0	0	0	0	0	0	0
543	13	12	12901	0	0	0	0	0	0	26	26	10	0	0	0	0	0	0	0	0	0	0	0	0	0	0	0
544	13	12	12944	0	0	0	0	0	0	38	38	15	0	0	0	0	0	0	0	0	0	0	0	0	0	0	0
545	13	12	12944	0	0	0	0	0	0	30	30	20	0	0	0	0	0	0	0	0	0	0	0	0	0	0	0
546	13	12	12630	0	0	0	0	0	0	44	44	15	0	0	0	0	0	0	0	0	0	0	0	0	0	0	0
547	8	13	12896	0	0	0	0	0	0	10	10	3	0	0	0	0	0	0	0	0	0	0	0	0	0	0	0
548	8	13	12888	0	0	0	0	0	0	15	15	5	0	0	0	0	0	0	0	0	0	0	0	0	0	0	0
549	8	13	12888	0	0	0	0	0	0	11	11	8	0	0	0	0	0	0	0	0	0	0	0	0	0	0	0
550	8	13	12899	0	0	0	0	0	0	16	16	2	0	0	0	0	0	0	0	0	0	0	0	0	0	0	0
551	8	13	12877	0	0	0	0	0	0	12	12	2	0	0	0	0	0	0	0	0	0	0	0	0	0	0	0
552	8	13	12884	0	0	0	0	0	0	18	18	2	0	0	0	0	0	0	0	0	0	0	0	0	0	0	0
553	8	13	12889	0	0	0	0	0	0	13	13	2	0	0	0	0	0	0	0	0	0	0	0	0	0	0	0
554	8	13	12905	0	0	0	0	0	0	19	19	1	0	0	0	0	0	0	0	0	0	0	0	0	0	0	0
555	8	13	12898	0	0	0	0	0	0	15	15	2	0	0	0	0	0	0	0	0	0	0	0	0	0	0	0
556	8	13	12905	0	0	0	0	0	0	22	22	2	0	0	0	0	0	0	0	0	0	0	0	0	0	0	0
557	8	13	12896	0	0	0	0	0	0	20	20	15	0	0	0	0	0	0	0	0	0	0	0	0	0	0	0
558	8	13	12888	0	0	0	0	0	0	30	30	25	0	0	0	0	0	0	0	0	0	0	0	0	0	0	0
559	8	13	12888	0	0	0	0	0	0	22	22	40	0	0	0	0	0	0	0	0	0	0	0	0	0	0	0
560	8	13	12899	0	0	0	0	0	0	32	32	10	0	0	0	0	0	0	0	0	0	0	0	0	0	0	0
561	8	13	12877	0	0	0	0	0	0	24	24	10	0	0	0	0	0	0	0	0	0	0	0	0	0	0	0
562	8	13	12884	0	0	0	0	0	0	36	36	10	0	0	0	0	0	0	0	0	0	0	0	0	0	0	0
563	8	13	12889	0	0	0	0	0	0	26	26	10	0	0	0	0	0	0	0	0	0	0	0	0	0	0	0
564	8	13	12905	0	0	0	0	0	0	38	38	5	0	0	0	0	0	0	0	0	0	0	0	0	0	0	0
565	8	13	12898	0	0	0	0	0	0	30	30	10	0	0	0	0	0	0	0	0	0	0	0	0	0	0	0
566	8	13	12905	0	0	0	0	0	0	44	44	10	0	0	0	0	0	0	0	0	0	0	0	0	0	0	0
567	10586	10592	10598	10604	10610	10616	10622	10628	10634	1	1	1	1	1	1	1	1	1	0	0	0	0	0	0	0	0	0
568	10640	10646	10652	10658	10664	0	0	0	0	1	1	1	1	1	1	0	0	0	0	0	0	0	0	0	0	0	0
569	10670	10712	10754	10796	10838	10880	10922	10691	10733	1	1	1	1	1	1	1	1	1	0	0	0	0	0	0	0	0	0
570	10677	10719	10761	10803	10845	10887	10929	0	0	1	1	1	1	1	1	1	0	0	0	0	0	0	0	0	0	0	0
571	10684	10726	10768	10810	10852	10894	10936	10775	10817	1	1	1	1	1	1	1	1	1	0	0	0	0	0	0	0	0	0
572	10698	10740	10782	10824	10866	10908	10950	10859	10901	1	1	1	1	1	1	1	1	1	0	0	0	0	0	0	0	0	0
573	10705	10747	10789	10831	10873	10915	10957	10943	0	1	1	1	1	1	1	1	1	0	0	0	0	0	0	0	0	0	0
574	12845	12853	7796	0	0	0	0	0	0	1	1	1	0	0	0	0	0	0	0	0	0	0	0	0	0	0	0
575	12845	12853	7796	0	0	0	0	0	0	3	3	3	0	0	0	0	0	0	0	0	0	0	0	0	0	0	0
576	10587	10593	10599	10605	10611	10617	10623	10629	10635	1	1	1	1	1	1	1	1	1	0	0	0	0	0	0	0	0	0
577	10641	10647	10653	10659	10665	0	0	0	0	1	1	1	1	1	1	0	0	0	0	0	0	0	0	0	0	0	0
578	10671	10713	10755	10797	10839	10881	10923	10692	10734	1	1	1	1	1	1	1	1	1	0	0	0	0	0	0	0	0	0
579	10678	10720	10762	10804	10846	10888	10930	0	0	1	1	1	1	1	1	1	0	0	0	0	0	0	0	0	0	0	0
580	10685	10727	10769	10811	10853	10895	10937	10776	10818	1	1	1	1	1	1	1	1	1	0	0	0	0	0	0	0	0	0
581	10699	10741	10783	10825	10867	10909	10951	10860	10902	1	1	1	1	1	1	1	1	1	0	0	0	0	0	0	0	0	0
582	10706	10748	10790	10832	10874	10916	10958	10944	0	1	1	1	1	1	1	1	1	0	0	0	0	0	0	0	0	0	0
583	12842	12846	7796	0	0	0	0	0	0	1	1	1	0	0	0	0	0	0	0	0	0	0	0	0	0	0	0
584	12842	12846	7796	0	0	0	0	0	0	3	3	3	0	0	0	0	0	0	0	0	0	0	0	0	0	0	0
585	10588	10594	10600	10606	10612	10618	10624	10630	10636	1	1	1	1	1	1	1	1	1	0	0	0	0	0	0	0	0	0
586	10642	10648	10654	10660	10666	0	0	0	0	1	1	1	1	1	1	0	0	0	0	0	0	0	0	0	0	0	0
587	10672	10714	10756	10798	10840	10882	10924	10693	10735	1	1	1	1	1	1	1	1	1	0	0	0	0	0	0	0	0	0
588	10679	10721	10763	10805	10847	10889	10931	0	0	1	1	1	1	1	1	1	0	0	0	0	0	0	0	0	0	0	0
589	10686	10728	10770	10812	10854	10896	10938	10777	10819	1	1	1	1	1	1	1	1	1	0	0	0	0	0	0	0	0	0
590	10700	10742	10784	10826	10868	10910	10952	10861	10903	1	1	1	1	1	1	1	1	1	0	0	0	0	0	0	0	0	0
591	10707	10749	10791	10833	10875	10917	10959	10945	0	1	1	1	1	1	1	1	1	0	0	0	0	0	0	0	0	0	0
592	12855	12850	7796	0	0	0	0	0	0	1	1	1	0	0	0	0	0	0	0	0	0	0	0	0	0	0	0
593	12855	12850	7796	0	0	0	0	0	0	3	3	3	0	0	0	0	0	0	0	0	0	0	0	0	0	0	0
594	10589	10595	10601	10607	10613	10619	10625	10631	10637	1	1	1	1	1	1	1	1	1	0	0	0	0	0	0	0	0	0
595	10643	10649	10655	10661	10667	0	0	0	0	1	1	1	1	1	1	0	0	0	0	0	0	0	0	0	0	0	0
596	10673	10715	10757	10799	10841	10883	10925	10694	10736	1	1	1	1	1	1	1	1	1	0	0	0	0	0	0	0	0	0
597	10680	10722	10764	10806	10848	10890	10932	0	0	1	1	1	1	1	1	1	0	0	0	0	0	0	0	0	0	0	0
598	10687	10729	10771	10813	10855	10897	10939	10778	10820	1	1	1	1	1	1	1	1	1	0	0	0	0	0	0	0	0	0
599	10701	10743	10785	10827	10869	10911	10953	10862	10904	1	1	1	1	1	1	1	1	1	0	0	0	0	0	0	0	0	0
600	10708	10750	10792	10834	10876	10918	10960	10946	0	1	1	1	1	1	1	1	1	0	0	0	0	0	0	0	0	0	0
601	12849	12859	7796	0	0	0	0	0	0	1	1	1	0	0	0	0	0	0	0	0	0	0	0	0	0	0	0
602	12849	12859	7796	0	0	0	0	0	0	3	3	3	0	0	0	0	0	0	0	0	0	0	0	0	0	0	0
603	10590	10596	10602	10608	10614	10620	10626	10632	10638	1	1	1	1	1	1	1	1	1	0	0	0	0	0	0	0	0	0
604	10644	10650	10656	10662	10668	0	0	0	0	1	1	1	1	1	1	0	0	0	0	0	0	0	0	0	0	0	0
605	10674	10716	10758	10800	10842	10884	10926	10695	10737	1	1	1	1	1	1	1	1	1	0	0	0	0	0	0	0	0	0
606	10681	10723	10765	10807	10849	10891	10933	0	0	1	1	1	1	1	1	1	0	0	0	0	0	0	0	0	0	0	0
607	10688	10730	10772	10814	10856	10898	10940	10779	10821	1	1	1	1	1	1	1	1	1	0	0	0	0	0	0	0	0	0
608	10702	10744	10786	10828	10870	10912	10954	10863	10905	1	1	1	1	1	1	1	1	1	0	0	0	0	0	0	0	0	0
609	10709	10751	10793	10835	10877	10919	10961	10947	0	1	1	1	1	1	1	1	1	0	0	0	0	0	0	0	0	0	0
610	12843	12856	7796	0	0	0	0	0	0	1	1	1	0	0	0	0	0	0	0	0	0	0	0	0	0	0	0
611	12843	12856	7796	0	0	0	0	0	0	3	3	3	0	0	0	0	0	0	0	0	0	0	0	0	0	0	0
612	12704	0	0	0	0	0	0	0	0	3	0	0	0	0	0	0	0	0	0	0	0	0	0	0	0	0	0
613	12708	0	0	0	0	0	0	0	0	3	0	0	0	0	0	0	0	0	0	0	0	0	0	0	0	0	0
614	12705	12709	0	0	0	0	0	0	0	3	3	0	0	0	0	0	0	0	0	0	0	0	0	0	0	0	0
615	12709	0	0	0	0	0	0	0	0	3	0	0	0	0	0	0	0	0	0	0	0	0	0	0	0	0	0
616	12706	12710	0	0	0	0	0	0	0	3	3	0	0	0	0	0	0	0	0	0	0	0	0	0	0	0	0
617	12704	0	0	0	0	0	0	0	0	6	0	0	0	0	0	0	0	0	0	0	0	0	0	0	0	0	0
618	12708	0	0	0	0	0	0	0	0	6	0	0	0	0	0	0	0	0	0	0	0	0	0	0	0	0	0
619	12705	12709	0	0	0	0	0	0	0	6	6	0	0	0	0	0	0	0	0	0	0	0	0	0	0	0	0
620	12709	0	0	0	0	0	0	0	0	6	0	0	0	0	0	0	0	0	0	0	0	0	0	0	0	0	0
621	12706	12710	0	0	0	0	0	0	0	6	6	0	0	0	0	0	0	0	0	0	0	0	0	0	0	0	0
622	10	9	8	11	13	12	0	0	0	10	10	10	10	10	10	0	0	0	0	0	0	0	0	0	0	0	0
623	10	9	8	11	13	12	0	0	0	15	15	15	15	15	15	0	0	0	0	0	0	0	0	0	0	0	0
624	10	9	8	11	13	12	0	0	0	11	11	11	11	11	11	0	0	0	0	0	0	0	0	0	0	0	0
625	10	9	8	11	13	12	0	0	0	16	16	16	16	16	16	0	0	0	0	0	0	0	0	0	0	0	0
626	10	9	8	11	13	12	0	0	0	12	12	12	12	12	12	0	0	0	0	0	0	0	0	0	0	0	0
627	10	9	8	11	13	12	0	0	0	18	18	18	18	18	18	0	0	0	0	0	0	0	0	0	0	0	0
628	10	9	8	11	13	12	0	0	0	13	13	13	13	13	13	0	0	0	0	0	0	0	0	0	0	0	0
629	10	9	8	11	13	12	0	0	0	19	19	19	19	19	19	0	0	0	0	0	0	0	0	0	0	0	0
630	10	9	8	11	13	12	0	0	0	15	15	15	15	15	15	0	0	0	0	0	0	0	0	0	0	0	0
631	10	9	8	11	13	12	0	0	0	22	22	22	22	22	22	0	0	0	0	0	0	0	0	0	0	0	0
632	10	9	8	11	13	12	0	0	0	20	20	20	20	20	20	0	0	0	0	0	0	0	0	0	0	0	0
633	10	9	8	11	13	12	0	0	0	30	30	30	30	30	30	0	0	0	0	0	0	0	0	0	0	0	0
634	10	9	8	11	13	12	0	0	0	22	22	22	22	22	22	0	0	0	0	0	0	0	0	0	0	0	0
635	10	9	8	11	13	12	0	0	0	32	32	32	32	32	32	0	0	0	0	0	0	0	0	0	0	0	0
636	10	9	8	11	13	12	0	0	0	24	24	24	24	24	24	0	0	0	0	0	0	0	0	0	0	0	0
637	10	9	8	11	13	12	0	0	0	36	36	36	36	36	36	0	0	0	0	0	0	0	0	0	0	0	0
638	10	9	8	11	13	12	0	0	0	26	26	26	26	26	26	0	0	0	0	0	0	0	0	0	0	0	0
639	10	9	8	11	13	12	0	0	0	38	38	38	38	38	38	0	0	0	0	0	0	0	0	0	0	0	0
640	10	9	8	11	13	12	0	0	0	30	30	30	30	30	30	0	0	0	0	0	0	0	0	0	0	0	0
641	10	9	8	11	13	12	0	0	0	44	44	44	44	44	44	0	0	0	0	0	0	0	0	0	0	0	0
642	12669	0	0	0	0	0	0	0	0	1	0	0	0	0	0	0	0	0	0	0	0	0	0	0	0	0	0
643	12669	0	0	0	0	0	0	0	0	3	0	0	0	0	0	0	0	0	0	0	0	0	0	0	0	0	0
644	7796	0	0	0	0	0	0	0	0	3	0	0	0	0	0	0	0	0	0	0	0	0	0	0	0	0	0
645	0	0	0	0	0	0	0	0	0	0	0	0	0	0	0	0	0	0	0	0	0	0	0	0	0	0	0
646	0	0	0	0	0	0	0	0	0	0	0	0	0	0	0	0	0	0	0	0	0	0	0	0	0	0	0
647	0	0	0	0	0	0	0	0	0	0	0	0	0	0	0	0	0	0	0	0	0	0	0	0	0	0	0
648	0	0	0	0	0	0	0	0	0	0	0	0	0	0	0	0	0	0	0	0	0	0	0	0	0	0	0
649	0	0	0	0	0	0	0	0	0	0	0	0	0	0	0	0	0	0	0	0	0	0	0	0	0	0	0
650	0	0	0	0	0	0	0	0	0	0	0	0	0	0	0	0	0	0	0	0	0	0	0	0	0	0	0
651	0	0	0	0	0	0	0	0	0	0	0	0	0	0	0	0	0	0	0	0	0	0	0	0	0	0	0
652	0	0	0	0	0	0	0	0	0	0	0	0	0	0	0	0	0	0	0	0	0	0	0	0	0	0	0
653	0	0	0	0	0	0	0	0	0	0	0	0	0	0	0	0	0	0	0	0	0	0	0	0	0	0	0
654	0	0	0	0	0	0	0	0	0	0	0	0	0	0	0	0	0	0	0	0	0	0	0	0	0	0	0
655	0	0	0	0	0	0	0	0	0	0	0	0	0	0	0	0	0	0	0	0	0	0	0	0	0	0	0
656	0	0	0	0	0	0	0	0	0	0	0	0	0	0	0	0	0	0	0	0	0	0	0	0	0	0	0
657	0	0	0	0	0	0	0	0	0	0	0	0	0	0	0	0	0	0	0	0	0	0	0	0	0	0	0
658	0	0	0	0	0	0	0	0	0	0	0	0	0	0	0	0	0	0	0	0	0	0	0	0	0	0	0
659	0	0	0	0	0	0	0	0	0	0	0	0	0	0	0	0	0	0	0	0	0	0	0	0	0	0	0
660	0	0	0	0	0	0	0	0	0	0	0	0	0	0	0	0	0	0	0	0	0	0	0	0	0	0	0
661	0	0	0	0	0	0	0	0	0	0	0	0	0	0	0	0	0	0	0	0	0	0	0	0	0	0	0
662	0	0	0	0	0	0	0	0	0	0	0	0	0	0	0	0	0	0	0	0	0	0	0	0	0	0	0
663	0	0	0	0	0	0	0	0	0	0	0	0	0	0	0	0	0	0	0	0	0	0	0	0	0	0	0
664	0	0	0	0	0	0	0	0	0	0	0	0	0	0	0	0	0	0	0	0	0	0	0	0	0	0	0
665	0	0	0	0	0	0	0	0	0	0	0	0	0	0	0	0	0	0	0	0	0	0	0	0	0	0	0
666	0	0	0	0	0	0	0	0	0	0	0	0	0	0	0	0	0	0	0	0	0	0	0	0	0	0	0
667	0	0	0	0	0	0	0	0	0	0	0	0	0	0	0	0	0	0	0	0	0	0	0	0	0	0	0
668	0	0	0	0	0	0	0	0	0	0	0	0	0	0	0	0	0	0	0	0	0	0	0	0	0	0	0
669	0	0	0	0	0	0	0	0	0	0	0	0	0	0	0	0	0	0	0	0	0	0	0	0	0	0	0
670	0	0	0	0	0	0	0	0	0	0	0	0	0	0	0	0	0	0	0	0	0	0	0	0	0	0	0
671	0	0	0	0	0	0	0	0	0	0	0	0	0	0	0	0	0	0	0	0	0	0	0	0	0	0	0
672	0	0	0	0	0	0	0	0	0	0	0	0	0	0	0	0	0	0	0	0	0	0	0	0	0	0	0
673	0	0	0	0	0	0	0	0	0	0	0	0	0	0	0	0	0	0	0	0	0	0	0	0	0	0	0
674	0	0	0	0	0	0	0	0	0	0	0	0	0	0	0	0	0	0	0	0	0	0	0	0	0	0	0
675	0	0	0	0	0	0	0	0	0	0	0	0	0	0	0	0	0	0	0	0	0	0	0	0	0	0	0
676	0	0	0	0	0	0	0	0	0	0	0	0	0	0	0	0	0	0	0	0	0	0	0	0	0	0	0
677	0	0	0	0	0	0	0	0	0	0	0	0	0	0	0	0	0	0	0	0	0	0	0	0	0	0	0
678	0	0	0	0	0	0	0	0	0	0	0	0	0	0	0	0	0	0	0	0	0	0	0	0	0	0	0
679	0	0	0	0	0	0	0	0	0	0	0	0	0	0	0	0	0	0	0	0	0	0	0	0	0	0	0
680	0	0	0	0	0	0	0	0	0	0	0	0	0	0	0	0	0	0	0	0	0	0	0	0	0	0	0
681	0	0	0	0	0	0	0	0	0	0	0	0	0	0	0	0	0	0	0	0	0	0	0	0	0	0	0
682	0	0	0	0	0	0	0	0	0	0	0	0	0	0	0	0	0	0	0	0	0	0	0	0	0	0	0
683	0	0	0	0	0	0	0	0	0	0	0	0	0	0	0	0	0	0	0	0	0	0	0	0	0	0	0
684	0	0	0	0	0	0	0	0	0	0	0	0	0	0	0	0	0	0	0	0	0	0	0	0	0	0	0
685	0	0	0	0	0	0	0	0	0	0	0	0	0	0	0	0	0	0	0	0	0	0	0	0	0	0	0
686	0	0	0	0	0	0	0	0	0	0	0	0	0	0	0	0	0	0	0	0	0	0	0	0	0	0	0
687	0	0	0	0	0	0	0	0	0	0	0	0	0	0	0	0	0	0	0	0	0	0	0	0	0	0	0
688	0	0	0	0	0	0	0	0	0	0	0	0	0	0	0	0	0	0	0	0	0	0	0	0	0	0	0
689	0	0	0	0	0	0	0	0	0	0	0	0	0	0	0	0	0	0	0	0	0	0	0	0	0	0	0
690	0	0	0	0	0	0	0	0	0	0	0	0	0	0	0	0	0	0	0	0	0	0	0	0	0	0	0
691	0	0	0	0	0	0	0	0	0	0	0	0	0	0	0	0	0	0	0	0	0	0	0	0	0	0	0
692	0	0	0	0	0	0	0	0	0	0	0	0	0	0	0	0	0	0	0	0	0	0	0	0	0	0	0
693	0	0	0	0	0	0	0	0	0	0	0	0	0	0	0	0	0	0	0	0	0	0	0	0	0	0	0
694	0	0	0	0	0	0	0	0	0	0	0	0	0	0	0	0	0	0	0	0	0	0	0	0	0	0	0
695	0	0	0	0	0	0	0	0	0	0	0	0	0	0	0	0	0	0	0	0	0	0	0	0	0	0	0
696	0	0	0	0	0	0	0	0	0	0	0	0	0	0	0	0	0	0	0	0	0	0	0	0	0	0	0
697	0	0	0	0	0	0	0	0	0	0	0	0	0	0	0	0	0	0	0	0	0	0	0	0	0	0	0
698	0	0	0	0	0	0	0	0	0	0	0	0	0	0	0	0	0	0	0	0	0	0	0	0	0	0	0
699	0	0	0	0	0	0	0	0	0	0	0	0	0	0	0	0	0	0	0	0	0	0	0	0	0	0	0
700	0	0	0	0	0	0	0	0	0	0	0	0	0	0	0	0	0	0	0	0	0	0	0	0	0	0	0
701	0	0	0	0	0	0	0	0	0	0	0	0	0	0	0	0	0	0	0	0	0	0	0	0	0	0	0
702	0	0	0	0	0	0	0	0	0	0	0	0	0	0	0	0	0	0	0	0	0	0	0	0	0	0	0
703	0	0	0	0	0	0	0	0	0	0	0	0	0	0	0	0	0	0	0	0	0	0	0	0	0	0	0
704	0	0	0	0	0	0	0	0	0	0	0	0	0	0	0	0	0	0	0	0	0	0	0	0	0	0	0
705	0	0	0	0	0	0	0	0	0	0	0	0	0	0	0	0	0	0	0	0	0	0	0	0	0	0	0
706	0	0	0	0	0	0	0	0	0	0	0	0	0	0	0	0	0	0	0	0	0	0	0	0	0	0	0
707	0	0	0	0	0	0	0	0	0	0	0	0	0	0	0	0	0	0	0	0	0	0	0	0	0	0	0
708	0	0	0	0	0	0	0	0	0	0	0	0	0	0	0	0	0	0	0	0	0	0	0	0	0	0	0
709	0	0	0	0	0	0	0	0	0	0	0	0	0	0	0	0	0	0	0	0	0	0	0	0	0	0	0
710	0	0	0	0	0	0	0	0	0	0	0	0	0	0	0	0	0	0	0	0	0	0	0	0	0	0	0
711	0	0	0	0	0	0	0	0	0	0	0	0	0	0	0	0	0	0	0	0	0	0	0	0	0	0	0
712	0	0	0	0	0	0	0	0	0	0	0	0	0	0	0	0	0	0	0	0	0	0	0	0	0	0	0
713	0	0	0	0	0	0	0	0	0	0	0	0	0	0	0	0	0	0	0	0	0	0	0	0	0	0	0
714	0	0	0	0	0	0	0	0	0	0	0	0	0	0	0	0	0	0	0	0	0	0	0	0	0	0	0
715	0	0	0	0	0	0	0	0	0	0	0	0	0	0	0	0	0	0	0	0	0	0	0	0	0	0	0
716	0	0	0	0	0	0	0	0	0	0	0	0	0	0	0	0	0	0	0	0	0	0	0	0	0	0	0
717	0	0	0	0	0	0	0	0	0	0	0	0	0	0	0	0	0	0	0	0	0	0	0	0	0	0	0
718	0	0	0	0	0	0	0	0	0	0	0	0	0	0	0	0	0	0	0	0	0	0	0	0	0	0	0
719	0	0	0	0	0	0	0	0	0	0	0	0	0	0	0	0	0	0	0	0	0	0	0	0	0	0	0
720	0	0	0	0	0	0	0	0	0	0	0	0	0	0	0	0	0	0	0	0	0	0	0	0	0	0	0
721	0	0	0	0	0	0	0	0	0	0	0	0	0	0	0	0	0	0	0	0	0	0	0	0	0	0	0
722	0	0	0	0	0	0	0	0	0	0	0	0	0	0	0	0	0	0	0	0	0	0	0	0	0	0	0
723	0	0	0	0	0	0	0	0	0	0	0	0	0	0	0	0	0	0	0	0	0	0	0	0	0	0	0
724	0	0	0	0	0	0	0	0	0	0	0	0	0	0	0	0	0	0	0	0	0	0	0	0	0	0	0
725	0	0	0	0	0	0	0	0	0	0	0	0	0	0	0	0	0	0	0	0	0	0	0	0	0	0	0
726	0	0	0	0	0	0	0	0	0	0	0	0	0	0	0	0	0	0	0	0	0	0	0	0	0	0	0
727	0	0	0	0	0	0	0	0	0	0	0	0	0	0	0	0	0	0	0	0	0	0	0	0	0	0	0
728	0	0	0	0	0	0	0	0	0	0	0	0	0	0	0	0	0	0	0	0	0	0	0	0	0	0	0
729	0	0	0	0	0	0	0	0	0	0	0	0	0	0	0	0	0	0	0	0	0	0	0	0	0	0	0
730	0	0	0	0	0	0	0	0	0	0	0	0	0	0	0	0	0	0	0	0	0	0	0	0	0	0	0
731	0	0	0	0	0	0	0	0	0	0	0	0	0	0	0	0	0	0	0	0	0	0	0	0	0	0	0
732	0	0	0	0	0	0	0	0	0	0	0	0	0	0	0	0	0	0	0	0	0	0	0	0	0	0	0
733	0	0	0	0	0	0	0	0	0	0	0	0	0	0	0	0	0	0	0	0	0	0	0	0	0	0	0
734	0	0	0	0	0	0	0	0	0	0	0	0	0	0	0	0	0	0	0	0	0	0	0	0	0	0	0
735	0	0	0	0	0	0	0	0	0	0	0	0	0	0	0	0	0	0	0	0	0	0	0	0	0	0	0
736	0	0	0	0	0	0	0	0	0	0	0	0	0	0	0	0	0	0	0	0	0	0	0	0	0	0	0
737	0	0	0	0	0	0	0	0	0	0	0	0	0	0	0	0	0	0	0	0	0	0	0	0	0	0	0
738	0	0	0	0	0	0	0	0	0	0	0	0	0	0	0	0	0	0	0	0	0	0	0	0	0	0	0
739	0	0	0	0	0	0	0	0	0	0	0	0	0	0	0	0	0	0	0	0	0	0	0	0	0	0	0
740	0	0	0	0	0	0	0	0	0	0	0	0	0	0	0	0	0	0	0	0	0	0	0	0	0	0	0
741	0	0	0	0	0	0	0	0	0	0	0	0	0	0	0	0	0	0	0	0	0	0	0	0	0	0	0
742	0	0	0	0	0	0	0	0	0	0	0	0	0	0	0	0	0	0	0	0	0	0	0	0	0	0	0
743	0	0	0	0	0	0	0	0	0	0	0	0	0	0	0	0	0	0	0	0	0	0	0	0	0	0	0
744	0	0	0	0	0	0	0	0	0	0	0	0	0	0	0	0	0	0	0	0	0	0	0	0	0	0	0
745	0	0	0	0	0	0	0	0	0	0	0	0	0	0	0	0	0	0	0	0	0	0	0	0	0	0	0
746	0	0	0	0	0	0	0	0	0	0	0	0	0	0	0	0	0	0	0	0	0	0	0	0	0	0	0
747	0	0	0	0	0	0	0	0	0	0	0	0	0	0	0	0	0	0	0	0	0	0	0	0	0	0	0
748	0	0	0	0	0	0	0	0	0	0	0	0	0	0	0	0	0	0	0	0	0	0	0	0	0	0	0
749	0	0	0	0	0	0	0	0	0	0	0	0	0	0	0	0	0	0	0	0	0	0	0	0	0	0	0
750	0	0	0	0	0	0	0	0	0	0	0	0	0	0	0	0	0	0	0	0	0	0	0	0	0	0	0
751	0	0	0	0	0	0	0	0	0	0	0	0	0	0	0	0	0	0	0	0	0	0	0	0	0	0	0
752	0	0	0	0	0	0	0	0	0	0	0	0	0	0	0	0	0	0	0	0	0	0	0	0	0	0	0
753	0	0	0	0	0	0	0	0	0	0	0	0	0	0	0	0	0	0	0	0	0	0	0	0	0	0	0
754	0	0	0	0	0	0	0	0	0	0	0	0	0	0	0	0	0	0	0	0	0	0	0	0	0	0	0
755	0	0	0	0	0	0	0	0	0	0	0	0	0	0	0	0	0	0	0	0	0	0	0	0	0	0	0
756	0	0	0	0	0	0	0	0	0	0	0	0	0	0	0	0	0	0	0	0	0	0	0	0	0	0	0
757	0	0	0	0	0	0	0	0	0	0	0	0	0	0	0	0	0	0	0	0	0	0	0	0	0	0	0
758	0	0	0	0	0	0	0	0	0	0	0	0	0	0	0	0	0	0	0	0	0	0	0	0	0	0	0
759	0	0	0	0	0	0	0	0	0	0	0	0	0	0	0	0	0	0	0	0	0	0	0	0	0	0	0
760	0	0	0	0	0	0	0	0	0	0	0	0	0	0	0	0	0	0	0	0	0	0	0	0	0	0	0
761	0	0	0	0	0	0	0	0	0	0	0	0	0	0	0	0	0	0	0	0	0	0	0	0	0	0	0
762	0	0	0	0	0	0	0	0	0	0	0	0	0	0	0	0	0	0	0	0	0	0	0	0	0	0	0
763	0	0	0	0	0	0	0	0	0	0	0	0	0	0	0	0	0	0	0	0	0	0	0	0	0	0	0
764	0	0	0	0	0	0	0	0	0	0	0	0	0	0	0	0	0	0	0	0	0	0	0	0	0	0	0
765	0	0	0	0	0	0	0	0	0	0	0	0	0	0	0	0	0	0	0	0	0	0	0	0	0	0	0
766	0	0	0	0	0	0	0	0	0	0	0	0	0	0	0	0	0	0	0	0	0	0	0	0	0	0	0
767	0	0	0	0	0	0	0	0	0	0	0	0	0	0	0	0	0	0	0	0	0	0	0	0	0	0	0
768	0	0	0	0	0	0	0	0	0	0	0	0	0	0	0	0	0	0	0	0	0	0	0	0	0	0	0
769	0	0	0	0	0	0	0	0	0	0	0	0	0	0	0	0	0	0	0	0	0	0	0	0	0	0	0
770	0	0	0	0	0	0	0	0	0	0	0	0	0	0	0	0	0	0	0	0	0	0	0	0	0	0	0
771	0	0	0	0	0	0	0	0	0	0	0	0	0	0	0	0	0	0	0	0	0	0	0	0	0	0	0
772	0	0	0	0	0	0	0	0	0	0	0	0	0	0	0	0	0	0	0	0	0	0	0	0	0	0	0
773	0	0	0	0	0	0	0	0	0	0	0	0	0	0	0	0	0	0	0	0	0	0	0	0	0	0	0
774	0	0	0	0	0	0	0	0	0	0	0	0	0	0	0	0	0	0	0	0	0	0	0	0	0	0	0
775	0	0	0	0	0	0	0	0	0	0	0	0	0	0	0	0	0	0	0	0	0	0	0	0	0	0	0
776	0	0	0	0	0	0	0	0	0	0	0	0	0	0	0	0	0	0	0	0	0	0	0	0	0	0	0
777	0	0	0	0	0	0	0	0	0	0	0	0	0	0	0	0	0	0	0	0	0	0	0	0	0	0	0
778	0	0	0	0	0	0	0	0	0	0	0	0	0	0	0	0	0	0	0	0	0	0	0	0	0	0	0
779	0	0	0	0	0	0	0	0	0	0	0	0	0	0	0	0	0	0	0	0	0	0	0	0	0	0	0
780	0	0	0	0	0	0	0	0	0	0	0	0	0	0	0	0	0	0	0	0	0	0	0	0	0	0	0
781	0	0	0	0	0	0	0	0	0	0	0	0	0	0	0	0	0	0	0	0	0	0	0	0	0	0	0
782	0	0	0	0	0	0	0	0	0	0	0	0	0	0	0	0	0	0	0	0	0	0	0	0	0	0	0
783	0	0	0	0	0	0	0	0	0	0	0	0	0	0	0	0	0	0	0	0	0	0	0	0	0	0	0
784	0	0	0	0	0	0	0	0	0	0	0	0	0	0	0	0	0	0	0	0	0	0	0	0	0	0	0
785	0	0	0	0	0	0	0	0	0	0	0	0	0	0	0	0	0	0	0	0	0	0	0	0	0	0	0
786	0	0	0	0	0	0	0	0	0	0	0	0	0	0	0	0	0	0	0	0	0	0	0	0	0	0	0
787	0	0	0	0	0	0	0	0	0	0	0	0	0	0	0	0	0	0	0	0	0	0	0	0	0	0	0
788	0	0	0	0	0	0	0	0	0	0	0	0	0	0	0	0	0	0	0	0	0	0	0	0	0	0	0
789	0	0	0	0	0	0	0	0	0	0	0	0	0	0	0	0	0	0	0	0	0	0	0	0	0	0	0
790	0	0	0	0	0	0	0	0	0	0	0	0	0	0	0	0	0	0	0	0	0	0	0	0	0	0	0
791	0	0	0	0	0	0	0	0	0	0	0	0	0	0	0	0	0	0	0	0	0	0	0	0	0	0	0
792	0	0	0	0	0	0	0	0	0	0	0	0	0	0	0	0	0	0	0	0	0	0	0	0	0	0	0
793	0	0	0	0	0	0	0	0	0	0	0	0	0	0	0	0	0	0	0	0	0	0	0	0	0	0	0
794	0	0	0	0	0	0	0	0	0	0	0	0	0	0	0	0	0	0	0	0	0	0	0	0	0	0	0
