0	0.5	1	1	1	2.4	6	0	0	3	3	0	0	0
1	1.2	2.5	1	1	2	5	0	0	3	3	0	1	0
2	0.3	0.3	0.7	0.5	1.2	3.7	0	0	3	3	0	1	0
3	0.3	1	0.75	0.5	2	4	0	0	3	3	0	1	0
4	0.7	0.6	0.8	0.8	1.5	4.5	0	0	3	3	0	1	0
5	1.6	4.3	1.5	1.3	2	5	0	0	3	3	0	1	0
6	0.4	0.7	0.7	0.3	1	4	0	0	3	3	0	1	0
7	0.6	1.1	0.8	1	2.5	5.5	1.1	1.5	8	3	1	1	0
8	2	1.9	1.8	1.5	2	6	0	0	3	3	1	1	0
9	0.4	1.3	0.8	0.8	2	4.5	0	0	3	3	0	1	0
10	0.4	0.7	0.7	0.5	2	4	0	0	3	3	0	1	0
11	0.6	1.6	0.9	1	2	5	0.2	0.6	8	3	1	1	1
12	0.6	0.4	1	1	2	6	1.2	1.5	8	3	1	1	1
13	0.3	0.2	0.6	0.2	1.5	4	0	0	3	3	0	1	0
14	0.4	0.8	0.7	1	2	4.5	1.3	1.7	8	3	1	1	1
15	1.3	1.9	1.3	1	2	5	0	0	3	3	0	1	0
16	0.3	0.8	0.7	1	2.5	5.5	1.2	1.5	8	3	1	1	0
17	2.1	2.3	1.5	2	2.5	8	0	0	3	3	1	1	0
18	1.3	2.9	1.8	1.5	2	5	0	0	3	3	0	2	1
19	1.3	2	1	0.5	5	5	0	0	3	3	0	1	0
20	0.2	0.3	0.7	1	2	5	1.5	1.9	2	3	1	1	1
21	1.1	2.8	1.8	1.5	2	6	0	0	3	3	0	2	0
22	0.5	1	0.7	0.6	2	5	0	0	3	3	0	1	0
23	5	5.5	4	4	2	5	0	0	3	3	1	2	0
24	1.4	1.5	1.4	1.5	2	8	0	0	3	3	0	1	0
25	0.2	0.3	0.6	1	2	5	1.3	1.7	8	3	1	1	1
26	0.3	0.4	0.6	1	3	6	1.3	1.7	8	3	1	1	1
27	3	4.4	2.5	2	2	5	0	0	3	3	0	2	0
28	0.3	0.8	0.6	0.5	2.5	5.5	0	0	3	3	0	1	0
29	1	2	1.3	0.5	3	6	0	0	3	3	0	1	0
30	2.4	2.6	2.2	2	2.5	5.5	0	0	3	3	1	1	0
31	0.4	1.7	1	1	2	5	0	0	3	3	0	1	0
32	0.5	0.7	0.7	0.5	1.5	4	0	0	3	3	0	1	0
33	1.1	1.2	1	1	2	5	0	0	3	3	0	1	0
34	2.2	3.2	2.5	1.7	2	5.5	0	0	3	3	0	2	0
35	4	4.6	4.5	3	3	6	0	0	3	3	1	2	0
36	0.4	1	0.4	0.7	2	5	0	0	3	3	0	1	0
37	3.5	4.5	2.7	1	2	5	0	0	3	3	1	2	0
38	2	1.5	1.6	1	2	5	0	0	3	3	0	1	0
39	2.7	1.5	2.2	2	2	4.5	0	0	3	3	0	1	0
40	2	2.9	2.1	2	2	5	0	0	3	3	0	2	0
41	1.1	1.2	1	1	2	6	0	0	3	3	0	1	0
42	5.8	3.5	4.7	3	2	5	0	0	3	3	0	2	0
43	0.9	1	1	1	2	6	0.4	0.8	3	3	1	1	0
44	0.9	1.3	0.9	1.2	1.7	4.7	0	0	3	3	0	1	0
45	1.1	1.1	0.8	0.5	2	5	0	0	3	3	0	1	0
46	1.8	1.3	1.5	1.5	3	6	0	0	3	3	0	1	0
47	1.6	1.6	1.6	1.2	2	5	0	0	3	3	0	1	0
48	3.5	1	3	2	2	5	0	0	3	3	1	1	0
49	1.3	2.9	2.1	2	2.4	5.5	0	0	3	3	0	2	0
50	0.5	1	0.7	0.6	2	3.5	0	0	3	3	0	1	0
51	1.5	1	1.6	1	2.5	5.5	0	0	3	3	0	1	0
52	1.5	1	1.6	1	2	5	0	0	3	3	0	1	0
53	3.7	5.3	3	3	2	7	0	0	3	3	1	2	0
54	1.9	3.2	2.4	1	2.5	5.5	0	0	3	3	1	1	0
55	1.2	1.6	1.2	1.2	1	5	0	0	3	3	0	1	0
56	1.4	2.4	1.8	1.5	2	5	0	0	3	3	0	2	0
57	2.3	3.2	2	2	2	6	0	0	3	3	1	2	0
58	4	6	3.6	3.2	3	6	0	0	3	3	1	2	0
59	0.1	1	0.7	0.6	2	5	0	0	3	3	0	1	0
60	3.6	5.7	2.6	1	2	5	0	0	6	10	1	2	0
61	2	2	2.3	1	2	5	0	0	3	3	1	1	0
62	2.5	2	2.4	2	2	5	0	0	3	3	0	2	0
63	5	4.1	3.5	5	2	5	0	0	3	3	0	2	0
64	2	2	1.6	1.4	2	5	1.8	2.5	6	3	1	1	0
65	1.2	3	1.8	1.4	5	5	0	0	3	3	0	1	0
66	3.5	5	2.8	2.5	2	5	0	0	3	3	0	2	0
67	1.3	2	1	3	2	6	0	0	3	3	0	1	0
68	3	3	3	2.5	2	5	0	0	3	3	1	2	0
69	2.4	4	2	1	2	5	2.4	2.4	8	3	1	1	1
70	4	5	3.5	3	2	5	0	0	3	3	0	2	0
71	4.5	4.5	3.5	3	2	5	0	0	3	3	1	1	0
72	1.8	2.9	1	1	2	6	0	0	3	3	0	1	0
73	1	1	1.3	1.3	2	60	0	0	3	3	1	2	0
74	1	1	1	1	2	5	0	0	3	3	0	1	0
75	1	1	0.7	1	2	5	0	0	3	3	0	1	0
76	1	2	1.4	1.3	3	6	0	0	3	3	1	1	0
77	2.8	2.7	2.5	1	2	5	0	0	3	3	0	1	0
78	1.8	1	1.5	1	2	5	3.7	3.7	12	3	1	1	0
79	0.2	0.5	0.7	1	2	5	0	0	3	3	0	1	0
80	0.4	0.6	0.7	1	2.5	5.5	1.3	1.7	8	3	1	1	0
81	0.3	0.3	0.6	0.5	1	3.5	0	0	3	3	0	1	0
82	0.4	1	0.7	0.5	1.2	3.5	0	0	3	3	0	1	0
83	0.2	0.6	0.5	0.5	2	6	0.8	1.2	8	3	1	1	1
84	0.5	2	0.7	1	2	4.5	0.8	1.2	8	3	1	1	0
85	0.7	1	0.8	1	2	5	0	0	3	3	0	1	0
86	0.7	1.2	0.8	1	1.2	3.5	0	0	3	3	0	1	0
87	1	1	1	1	2	6	0	0	3	3	0	1	0
88	0.3	0.7	0.6	0.5	2	5	0	0	3	3	0	1	0
89	0.7	0.8	1	1	2	5	0	0	3	3	0	1	0
90	1	2	1.5	1	2	5	0	0	3	3	0	1	0
91	1	1	1.5	0.5	2	5	0	0	3	3	0	1	0
92	2.3	4	2.4	1	2	5	0	0	3	3	0	1	0
93	0.5	0.8	0.6	1	2	5	1	1.3	8	3	1	1	0
94	1	1	1	1	2	6	0	0	3	3	0	1	0
95	1.7	3.8	1.9	1	2	5	0	0	3	3	1	2	0
96	5	4	4.2	4	3	8	0	0	3	3	1	2	0
97	1	5	3	2	2	5	0	0	3	3	1	2	0
98	3.5	5.3	3.8	3.5	2	5	0	0	3	3	1	2	0
99	6	10	6.2	1	6	6	0	0	3	3	1	1	0
100	2	2	1.7	1	1	5	0	0	3	3	0	2	0
101	2	4	1	1	2	5	0	0	3	3	1	1	0
102	4.5	1	12	8	2	5	0	0	3	3	1	1	0
103	1	2.5	1.16	1.1	2	5	0	0	3	3	0	1	0
104	1	1	1	1	2	5	0	0	3	3	0	1	0
105	2.3	4.1	2	1	2	5	0	0	3	3	0	1	0
106	1.2	1.1	1	1	2	5	0	0	3	3	0	1	0
107	3.5	6.5	7	5	2	6	0	0	3	3	0	1	0
108	1	1	1	1	2	5	0	0	3	3	1	1	0
109	1	1	1	1	2	5	0	0	3	3	0	1	0
110	1	1	1	1	2	5	0	0	3	3	0	1	0
111	0.3	0.4	0.4	1	2	5	0	0	3	3	0	1	0
112	12	8	1	1	2	5	0	0	3	3	1	1	0
113	1	1	1	1	2	5	0	0	3	3	0	1	0
114	1	1	1.2	1	6	6	0	0	3	3	1	1	0
115	1	3	2	2	2	5	3.5	3.5	1.7	3	1	1	0
116	1	1	1	1	2	5	0	0	3	3	1	1	0
117	6	10	6.5	8	2	5	0	0	3	3	1	1	0
118	1.4	4	1.5	2	2	5	2.5	2.5	1.7	3	1	1	0
119	12	10	7	7	2	5	0	0	3	3	1	2	0
120	3	1.4	1	1	2	15	0	0	3	3	0	1	0
121	1	1	1	1	2	5	0	0	3	3	0	1	0
122	1	1	1	1	2	5	0	0	3	3	0	1	0
123	3.5	4.8	3	3	2	5	1.5	1.5	0.01	3	1	2	0
124	1	1	1	1	2	5	0	0	3	3	0	1	0
125	1	2	1	1	2	5	0	0	3	3	1	1	0
126	2.5	4.5	3	4	2	5	0	0	3	3	1	1	0
127	1	2	1	1	2	5	0	0	3	3	1	1	0
128	6	1	5	5	2	5	0	0	3	3	0	1	0
129	4	1	3	3	2	5	1	1	0.7	3	0	1	0
130	7	1	6	4	2	5	0	0	3	3	1	1	0
131	1	2	1.3	1.3	2	5	0	0	3	3	0	1	0
132	3	2	1	1	2	5	0	0	3	3	0	1	0
133	0.7	1.1	0.7	0.4	2	5	0	0	3	3	0	1	0
134	1.3	1.3	0.9	1	2	5	0.2	0.3	8	3	1	1	0
135	0.3	0.6	0.5	0.3	2	5	0	0	3	3	0	1	0
136	1.2	1	1	1	2	5	0	0	3	3	0	1	0
137	0.4	0.6	0.6	1	2	5	0.8	1.2	8	3	1	1	1
138	0.6	1.1	0.7	1	2	5	1.2	1.5	8	3	1	1	0
139	3	4.2	3.4	6	0.4	1.6	0	0	3	3	0	2	0
140	0.8	1.6	0.8	1	2	5	0.8	1.2	8	3	1	1	0
141	1.2	2.7	1.6	2	2	5	0.8	1.2	8	3	1	1	0
142	1.3	1.9	1.3	2	2	5	0	0	3	3	0	1	0
143	1.4	3.1	1.6	3	2	5	0	0	3	3	0	2	0
144	1.5	6.2	4	6	2	5	0	0	3	3	0	1	0
145	2	2.5	2.3	8	2	5	0	0	3	3	0	1	0
146	5.3	3	3.5	7	5	5	0	0	3	3	1	1	0
147	2.4	2	2	4	2	5	0	0	3	3	0	1	0
148	1.5	2.4	1.2	1	5	5	0	0	3	3	0	1	0
149	1	3.1	0.8	1	1.1	2.5	0	0	3	3	0	1	0
150	2.2	3.4	2	2.5	2	5	0	0	3	3	0	1	0
151	1.7	3.2	1.8	2.5	2	5	0	0	3	3	0	1	0
152	0.5	2	1.2	0.5	2	5	0.5	0.9	8	3	1	1	0
153	0.8	0.6	0.9	0.9	2	6	1.3	1.7	6	3	1	1	0
154	0.7	1.7	1.1	1.1	1.2	3.9	0	0	3	3	0	1	0
155	0.7	1.7	1.1	1.1	1.2	3.9	0	0	3	3	0	1	0
156	1	1	1	1	2	5	0	0	3	3	1	1	1
157	1.3	1.3	1.3	1.3	2	5	0	0	3	3	0	1	0
158	0.5	0.5	1	1	2	5	0	0	3	3	0	1	0
159	0.6	1.8	1	1	2	5	0	0	3	3	0	1	0
160	4.2	7.8	6	5	2	5	0	0	3	3	0	1	0
161	1.1	2	1.4	2	2.2	6	0	0	3	3	0	1	0
162	2	0.4	1.4	1	2	5	0	0	3	3	0	1	0
163	5	14	4	4	2	5	0	0	3	3	0	1	0
164	1.2	2	1.2	1	6	6	0	0	3	3	0	1	1
165	2	1	1.8	1	2	5	0	0	3	3	0	1	0
166	0.3	0.8	0.6	0.6	2	5	0	0	3	3	1	1	0
167	3.7	3	2.5	2.5	2	5	0	0	3	3	0	1	0
168	1.8	2	1.5	1	2	5	0	0	3	3	0	1	0
169	1	1	1	1	2	5	0	0	3	3	0	1	0
170	1	1	1	1	2	5	0	0	3	3	0	1	0
171	2.3	1	1	1	2	6	0	0	3	3	1	2	0
172	1	1	1.5	1	2	3.7	0	0	3	3	0	1	0
173	2.3	3.3	1	1	2	5	0	0	3	3	1	2	0
174	6	1	1	1	2	5	0	0	3	3	0	1	1
175	1.2	0.5	1.8	1.4	5	5	0	0	3	3	0	1	0
176	1.7	2	1	1	2	6	0	0	3	3	1	2	0
177	2.5	2	1	1	2	6	0	0	3	3	0	2	0
178	2	4.2	2.5	2.8	2	6	0	0	3	3	1	2	0
179	1	1	0.4	0.4	2	6	0	0	3	3	0	1	0
180	0.2	1	0.5	0.5	2	6	0	0	3	3	0	1	0
181	0.4	0.5	0.5	1	2	6	0	0	3	3	0	1	0
182	0.9	0.7	0.8	1	2	6	0.5	0.9	6	3	1	1	1
183	2	2	2	2	2	6	0	0	3	3	1	2	0
184	3.5	7.5	1	1	2	6	0	0	3	3	0	1	0
185	1	1	1	1	2	6	0	0	3	3	0	1	0
186	1.7	4.1	1	1	2	6	0	0	3	3	0	1	0
187	1.5	1.5	1	1	2	6	0	0	3	3	0	1	0
188	1	1	1	1	2	6	0	0	3	3	0	1	0
189	4	6.5	1	1	2	6	0	0	3	3	0	1	1
190	1	1	1	1	2	6	0	0	3	3	0	1	0
191	0.3	0.4	1	1	1	6	0	0	3	3	0	2	0
192	1	1	1	1	2	6	0	0	3	3	0	1	0
193	1	1	1	1	2	6	0	0	3	3	0	1	0
194	2	1.5	1	1	2	6	0	0	3	3	0	1	0
195	2	2	1	1	2	6	0.7	1	3	3	1	1	0
196	1.7	3	1.7	2	2	6	0	0	3	3	0	1	0
197	0.7	0.5	1	1	2	6	0	0	3	3	0	1	0
198	0.6	1.7	1	1	2	6	1.8	2.2	6	3	0	1	1
199	0.2	0.4	1	1	2	6	0	0	3	3	0	1	0
200	1	1.8	1	1	2	6	0	0	3	3	0	1	0
201	2.6	3	1	1	2	6	0	0	3	3	0	1	0
202	1	1	1	1	2	6	0	0	3	3	0	1	0
203	2	2.5	3	3	2	7	0	0	3	3	1	2	0
204	1	1	1	1	2	6	0	0	3	3	0	1	0
205	12	23	1	1	2	6	0	0	3	3	1	1	0
206	15	25	1	1	2	6	0	0	3	3	1	1	0
207	0.5	0.7	1	1	2	6	0	0	3	3	0	1	0
208	0.4	0.3	1	1	2	6	0	0	3	3	0	1	0
209	1.8	1.7	1	1	2	6	0	0	3	3	1	2	0
210	5	110	1	1	2	6	0	0	3	3	0	1	0
211	2	4	1	1	2	6	0	0	3	3	0	1	0
212	1	1	1	1	2	6	0	0	3	3	0	1	0
213	1	1	1	1	2	6	0	0	3	3	0	1	0
214	1	1	1	1	2	6	0	0	3	3	0	1	0
215	2.5	2	1	1	2	6	0	0	3	3	0	1	0
216	1	1	1	1	2	6	0	0	3	3	0	1	0
217	1.2	2.7	1.7	1.8	2	6	0	0	3	3	1	1	0
218	3	3.8	3	2.5	2	6	0	0	3	3	0	1	0
219	1.5	1.3	1	1	2	5	0	0	3	3	0	1	0
220	1	1	1	1	2	6	0	0	3	3	0	1	0
221	1.6	2	1.7	1	1	5	0	0	3	3	0	1	0
222	1	1	1	1	2	6	0	0	3	3	0	1	0
223	1	1	1	1	2	6	0	0	3	3	0	1	0
224	1	1	1	1	2	6	0	0	3	3	0	1	0
225	1.6	4	1	1	2	6	0	0	3	3	1	2	0
226	13	13	20	20	2	6	0	0	3	3	0	1	0
227	1.9	3.4	2.4	2.5	2	5	0	0	3	3	1	2	0
228	3	2	2	2	3.2	9	0	0	3	3	1	1	0
229	2.5	2.5	1	1	2	6	0	0	3	3	1	1	0
230	6	4	3.6	3.6	2	6	5	5	4	3	1	2	1
231	2.3	6	1	1	2	6	0	0	3	3	0	1	0
232	1	1	1	1	2	6	0	0	3	3	0	1	0
233	3.5	4	3	3	2	6	0	0	3	3	0	2	0
234	3.5	5	3	3	2	6	0.6	0.6	0.7	3	1	1	0
235	3	3.4	1	1	2	6	0	0	3	3	0	1	0
236	2.3	3	1.7	2.4	2	6	0	0	3	3	1	2	0
237	1.4	2.2	1	1	2	6	0	0	3	3	0	1	0
238	3	3	2	2.2	2	6	0	0	3	3	1	1	0
239	1	2	1	1	2	5	0	0	3	3	1	1	0
240	5	8	5.5	5.5	2	6	0	0	3	3	1	2	0
241	4	12	10	10	2	6	0	0	3	3	1	1	0
242	1	1	1	1	2	6	0	0	3	3	0	1	0
243	0.6	1	4	2	2	6	0	0	3	3	1	1	0
244	5	8.5	4.7	4.5	2	5	0	0	3	3	1	1	0
245	3.8	3	2.8	2.8	2	6	0	0	3	3	1	2	0
246	4	4	2.8	2.5	2	6	0	0	3	3	1	2	0
247	1.7	3.3	1	1	2	6	0	0	3	3	1	2	0
248	2.8	2.7	2.5	1	2	5	0	0	3	3	0	1	0
249	1	1	1	1	2	6	0	0	3	3	0	1	0
250	1	1	1	1	2	6	0	0	3	3	0	1	0
251	1	1	1	1	2	6	0	0	3	3	0	1	0
252	1	1	1	1	2	6	0	0	3	3	0	1	0
253	1	1	1	1	2	6	0	0	3	3	0	1	0
254	1	1	1	1	2	6	0	0	3	3	0	1	0
255	5	1	1	1	2	6	0	0	3	3	0	1	0
256	1	1	1	1	2	6	0	0	3	3	0	1	0
257	0.8	1	1	1	1.2	3.2	0	0	3	3	0	1	0
258	1	1	1	1	2	6	0	0	3	3	0	1	0
259	1	1	1	1	2	6	0	0	3	3	0	1	0
260	1	2	1	1	2	5	0	0	3	3	1	1	0
261	1	1	1	1	2	6	0	0	3	3	1	1	0
262	2	5.5	1	1	2	5	0	0	3	3	0	2	0
263	1	1	1	1	2	6	0	0	3	3	0	1	0
264	1.4	2.5	1	1	2	5	0	0	3	3	1	2	0
265	2	5	1	1	2	5	0	0	3	3	1	1	0
266	1	1	1	1	2	6	0	0	3	3	0	1	0
267	6	5	1	1	2	5	0	0	3	3	1	2	0
268	1	1	1	1	2	6	0	0	3	3	0	1	0
269	1	1	1	1	2	6	0	0	3	3	0	1	0
270	1	1	1	1	2	6	0	0	3	3	0	1	0
271	1	1	1	1	2	6	0	0	3	3	0	1	0
272	1	1	1	1	2	6	0	0	3	3	0	1	0
273	1	1	1	1	2	6	0	0	3	3	0	1	0
274	2.5	4	1	1	2	6	0	0	3	3	0	1	0
275	1	1	1	1	2	6	0	0	3	3	0	1	0
276	1	1	1	1	2	6	0	0	3	3	0	1	0
277	1	1	1	1	2	6	0	0	3	3	0	1	0
278	1	1	1	1	2	6	0	0	3	3	0	1	0
279	0.4	0.6	0.7	1	2	5	0	0	3	3	1	1	0
280	1	1	1	1	2	6	0	0	3	3	0	1	0
281	1	1	1	1	2	6	0	0	3	3	0	1	0
282	1	1	1	1	2	6	0	0	3	3	0	1	0
283	1	1	1	1	2	6	0	0	3	3	0	1	0
284	1	1	1	1	2	6	0	0	3	3	0	1	0
285	1	1	1	1	2	6	0	0	3	3	0	1	0
286	1	1	1	1	2	6	0	0	3	3	0	1	0
287	1	1	1	1	2	6	0	0	3	3	0	1	0
288	1	1	1	1	2	6	0	0	3	3	0	1	0
289	1	1	1	1	2	6	0	0	3	3	0	1	0
290	1	1	1	1	2	6	0	0	3	3	0	1	0
291	1	1	1	1	2	6	0	0	3	3	0	1	0
292	1	1	1	1	2	6	0	0	3	3	0	1	0
7001	0.44	0.48	0.3	1	2	6	1.2	1.2	0.01	3	1	1	1
7002	0.45	0.45	0.5	0.4	2	6	0	0	3	3	0	1	0
7003	1.7	2.7	1.4	1	2	6	1.1	1.1	0.01	3	1	1	1
7004	1.9	2.4	1.5	1	2	6	1.1	1.1	0.01	3	1	1	1
7005	1.2	1.8	1.4	1	2	6	1.1	1.1	0.01	3	1	1	1
7006	2	1.5	1.5	1	2	6	1.1	1.1	0.01	3	1	1	1
7101	1	1	0.6	0.6	2	6	1.5	1.5	0.01	3	1	1	1
8001	0.3	0.5	0.45	0.5	1	3	0	0	3	3	0	1	0
8002	0.2	0.5	0.45	0.5	1	3	0	0	3	3	0	1	0
8003	0.3	0.1	0.3	0.5	1	3	1.3	1.7	8	3	1	1	0
8004	0.4	0.5	0.45	0.5	1	3	0	0	3	3	0	1	0
8005	0.3	0.5	0.4	0.5	1	3	0	0	3	3	0	1	0
8006	0.3	0.5	0.45	0.5	1	3	0	0	3	3	0	1	0
8007	0.3	0.5	0.35	0.5	1	3	0	0	3	3	0	1	0
8008	0.3	0.5	0.35	0.5	1	3	0	0	3	3	0	1	0
8009	0.1	0.5	0.2	0.5	1	3	0	0	3	3	0	1	0
8010	0.3	0.5	0.2	0.5	1	3	0.9	1.3	8	3	1	1	0
8011	0.3	0.5	0.4	0.5	1	3	0	0	3	3	0	1	0
8012	0.3	0.5	0.35	0.5	1	3	0.9	1.3	8	3	1	1	0
8013	0.3	0.5	0.4	0.5	1	3	0	0	3	3	0	1	0
8014	0.3	0.5	0.45	0.5	1	3	1.3	1.7	8	3	1	1	0
8015	0.3	0.5	0.3	0.5	1	3	0	0	3	3	0	1	0
8016	0.3	0.5	0.3	0.5	1	3	0	0	3	3	0	1	0
8017	0.3	0.5	0.3	0.5	1	3	0	0	3	3	0	1	0
8018	0.3	0.5	0.35	0.5	1	3	0	0	3	3	0	1	0
8019	0.3	0.5	0.3	0.5	1	3	0.9	1.3	8	3	1	1	0
8020	0.3	0.5	0.45	0.5	1	3	0	0	3	3	0	1	0
8021	0.3	0.5	0.45	0.5	1	3	0	0	3	3	0	1	0
8022	0.3	0.5	0.35	0.5	1	3	0	0	3	3	0	1	0
8023	0.3	0.5	0.3	0.5	1	3	0.2	0.6	1	1	1	1	0
8024	0.3	0.5	0.3	0.5	1	3	0	0	3	3	0	1	0
8025	0.3	0.5	0.3	0.5	1	3	0	0	3	3	0	1	0
8026	0.3	0.5	0.35	0.5	1	3	0	0	3	3	0	1	0
8027	0.3	0.5	0.35	0.5	1	3	0	0	3	3	0	1	0
8028	0.3	0.5	0.3	0.5	1	3	0	0	3	3	0	1	0
8029	0.3	0.5	0.3	0.5	1	3	0.9	1.3	8	3	1	1	0
8030	0.3	0.5	0.35	0.5	1	3	0	0	3	3	0	1	0
8031	0.3	0.5	0.35	0.5	1	3	0	0	3	3	0	1	0
8032	0.3	0.5	0.4	0.5	1	3	0	0	3	3	0	1	0
8033	0.2	0.5	0.3	0.5	1	3	0	0	3	3	0	1	0
8034	0.3	0.5	0.45	0.5	1	3	0	0	3	3	0	1	0
8035	0.3	0.5	0.4	0.5	1	3	0	0	3	3	0	1	0
8036	0.3	0.5	0.45	0.5	1	3	0	0	3	3	0	1	0
8037	0.3	0.5	0.45	0.5	1	3	0	0	3	3	0	1	0
8038	0.3	0.5	0.35	0.5	1	3	0	0	3	3	0	1	0
8039	0.3	0.5	0.35	0.5	1	3	0	0	3	3	0	1	0
8040	0.3	0.5	0.35	0.5	1	3	0	0	3	3	0	1	0
8041	0.2	0.5	0.45	0.5	1	3	0	0	3	3	0	1	0
8042	0.3	0.5	0.45	0.5	1	3	0	0	3	3	0	1	0
8043	0.3	0.5	0.3	0.5	1	3	0.9	1.3	8	3	1	1	0
8044	0.3	0.5	0.3	0.5	1	3	1	1.4	8	3	1	1	0
8045	0.3	0.5	0.3	0.5	1	3	0.9	1.3	8	3	1	1	0
8046	0.3	0.5	0.45	0.5	1	3	0	0	3	3	0	1	0
8047	0.3	0.5	0.35	0.5	1	3	0.9	1.3	8	3	1	1	0
8048	0.3	0.5	0.4	0.5	1	3	0	0	3	3	0	1	0
8049	0.3	0.5	0.4	0.5	1	3	0	0	3	3	0	1	0
8050	0.2	0.5	0.45	0.5	1	3	0	0	3	3	0	1	0
8051	0.3	0.5	0.45	0.5	1	3	0.9	1.3	8	3	1	1	0
8052	0.3	0.5	0.45	0.5	1	3	0	0	3	3	0	1	0
8053	0.3	0.5	0.4	0.5	1	3	0	0	3	3	0	1	0
8054	0.3	0.5	0.3	0.5	1	3	0	0	3	3	0	1	0
8055	0.3	0.5	0.4	0.5	1	3	0	0	3	3	0	1	0
8056	0.3	0.5	0.4	0.5	1	3	0	0	3	3	0	1	0
8057	0.3	0.5	0.3	0.5	1	3	1	1	2	1	1	1	0
8058	0.3	0.5	0.4	0.5	1	3	0	0	3	3	0	1	0
8059	0.3	0.5	0.4	0.5	1	3	0	0	3	3	0	1	0
8060	0.2	0.5	0.3	0.5	1	3	0	0	3	3	0	1	0
8061	0.2	0.5	0.3	0.5	1	3	0	0	3	3	0	1	0
8062	0.2	0.5	0.3	0.5	1	3	0	0	3	3	0	1	0
8063	0.2	0.5	0.45	0.5	1	3	0	0	3	3	0	1	0
8064	0.3	0.5	0.45	0.5	1	3	0	0	3	3	0	1	0
8065	0.3	0.5	0.45	0.5	1	3	0	0	3	3	0	1	0
8066	0.3	0.5	0.45	0.5	1	3	0	0	3	3	0	1	0
8067	0.3	0.5	0.45	0.5	1	3	0	0	3	3	0	1	0
8068	0.3	0.5	0.35	0.5	1	3	0	0	3	3	0	1	0
8069	0.3	0.5	0.35	0.5	1	3	0.9	1.3	8	3	1	1	0
8070	0.4	0.5	0.5	0.5	1	3	0	0	3	3	0	1	0
8071	0.2	0.5	0.35	0.5	1	3	0.9	1.3	8	3	1	1	0
8072	0.3	0.5	0.4	0.5	1	3	0	0	3	3	0	1	0
8073	0.2	0.5	0.3	0.5	1	3	0	0	3	3	0	1	0
8074	0.2	0.5	0.3	0.5	1	3	0	0	3	3	0	1	0
8075	0.3	0.5	0.3	0.5	1	3	0	0	3	3	0	1	0
8076	0.3	0.5	0.35	0.5	1	3	0	0	3	3	0	1	0
8077	0.3	0.5	0.45	0.5	1	3	0	0	3	3	0	1	0
8078	0.1	0.5	0.25	0.5	1	3	0	0	3	3	0	1	0
8079	0.3	0.5	0.45	0.5	1	3	0	0	3	3	0	1	0
8080	0.2	0.5	0.3	0.5	1	3	0	0	3	3	0	1	0
8081	0.2	0.5	0.3	0.5	1	3	0	0	3	3	0	1	0
8082	0.2	0.5	0.3	0.5	1	3	0	0	3	3	0	1	0
8083	0.2	0.5	0.3	0.5	1	3	0	0	3	3	0	1	0
8084	0.3	0.5	0.4	0.5	1	3	0	0	3	3	0	1	0
8085	0.2	0.5	0.3	0.5	1	3	0	0	3	3	0	1	0
8086	0.2	0.5	0.3	0.5	1	3	0	0	3	3	0	1	0
8087	0.2	0.5	0.3	0.5	1	3	0	0	3	3	0	1	0
8088	0.2	0.5	0.3	0.5	1	3	0	0	3	3	0	1	0
8089	0.2	0.5	0.3	0.5	1	3	0	0	3	3	0	1	0
8090	0.2	0.5	0.3	0.5	1	3	0	0	3	3	0	1	0
8091	0.2	0.5	0.3	0.5	1	3	0.5	0.8	1	1	1	1	0
8092	0.2	0.5	0.3	0.5	1	3	0	0	3	3	0	1	0
8093	0.2	0.5	0.4	0.5	1	3	0.9	1.3	8	3	1	1	0
8094	0.2	0.5	0.3	0.5	1	3	0	0	3	3	0	1	0
8095	0.2	0.5	0.3	0.5	1	3	0	0	3	3	0	1	0
8096	0.2	0.5	0.3	0.5	1	3	0	0	3	3	0	1	0
8097	0.2	0.5	0.3	0.5	1	3	0	0	3	3	0	1	0
8098	0.2	0.5	0.3	0.5	1	3	0	0	3	3	0	1	0
8099	0.2	0.5	0.3	0.5	1	3	1.3	1.3	8	3	1	1	0
8100	0.2	0.5	0.3	0.5	1	3	0	0	3	3	0	1	0
8101	0.2	0.5	0.3	0.5	1	3	0	0	3	3	0	1	0
8102	0.4	0.5	0.6	0.5	1	3	0	0	3	3	0	1	0
8103	0.2	0.5	0.3	0.5	1	3	0.9	1.3	8	3	1	1	0
8104	0.2	0.5	0.3	0.5	1	3	0	0	3	3	0	1	0
8105	0.2	0.5	0.3	0.5	1	3	0	0	3	3	0	1	0
8106	0.2	0.5	0.3	0.5	1	3	0	0	3	3	0	1	0
8107	0.2	0.5	0.3	0.5	1	3	0	0	3	3	0	1	0
8108	0.2	0.5	0.3	0.5	1	3	0	0	3	3	0	1	0
8109	0.2	0.5	0.15	0.5	1	3	0.9	1.3	8	3	1	1	0
8110	0.2	0.5	0.3	0.5	1	3	0.9	1.3	8	3	1	1	0
8111	0.2	0.5	0.3	0.5	1	3	0	0	3	3	0	1	0
8112	0.2	0.5	0.3	0.5	1	3	0	0	3	3	0	1	0
8113	0.2	0.5	0.3	0.5	1	3	0.1	0.1	1	1	1	1	0
8114	0.2	0.5	0.3	0.5	1	3	0	0	3	3	0	1	0
8115	0.2	0.5	0.3	0.5	1	3	0	0	3	3	0	1	0
8116	0.2	0.5	0.2	0.5	1	3	0	0	3	3	0	1	0
8117	0.2	0.5	0.2	0.5	1	3	0.9	1.3	8	3	1	1	0
8118	0.2	0.5	0.3	0.5	1	3	0	0	3	3	0	1	0
8119	0.2	0.5	0.3	0.5	1	3	0.9	1.3	8	3	1	1	0
8120	0.2	0.5	0.4	0.5	1	3	0.9	1.3	8	3	1	1	0
8121	0.2	0.5	0.5	0.5	1	3	1.3	1.7	8	3	1	1	0
8122	0.2	0.5	0.35	0.5	1	3	0.9	1.3	8	3	1	1	0
8123	2	0.5	3	0.5	1	3	0.2	0.3	1	1	1	1	0
8124	0.2	0.5	0.3	0.5	1	3	0	0	3	3	0	1	0
8125	0.2	0.5	0.3	0.5	1	3	0	0	3	3	0	1	0
8126	0.2	0.5	0.3	0.5	1	3	0	0	3	3	0	1	0
8127	0.2	0.5	0.3	0.5	1	3	0	0	3	3	0	1	0
8128	0.2	0.5	0.3	0.5	1	3	0	0	3	3	0	1	0
8129	0.2	0.5	0.3	0.5	1	3	0	0	3	3	0	1	0
8130	0.2	0.5	0.3	0.5	1	3	0	0	3	3	0	1	0
8131	0.2	0.5	0.3	0.5	1	3	0	0	3	3	0	1	0
8132	0.2	0.5	0.3	0.5	1	3	0	0	3	3	0	1	0
8133	0.2	0.5	0.3	0.5	1	3	0	0	3	3	0	1	0
8134	0.2	0.5	0.3	0.5	1	3	0	0	3	3	0	1	0
8135	0.2	0.5	0.3	0.5	1	3	0	0	3	3	0	1	0
8136	0.2	0.5	0.3	0.5	1	3	0	0	3	3	0	1	0
8137	0.2	0.5	0.3	0.5	1	3	0	0	3	3	0	1	0
8138	0.2	0.5	0.3	0.5	1	3	0.9	0.9	1	1	1	1	0
8139	0.2	0.5	0.3	0.5	1	3	0	0	3	3	0	1	0
8140	0.2	0.5	0.3	0.5	1	3	0	0	3	3	0	1	0
8141	0.2	0.5	0.3	0.5	1	3	0	0	3	3	0	1	0
8142	0.2	0.5	0.3	0.5	1	3	0	0	3	3	0	1	0
8143	0.2	0.5	0.3	0.5	1	3	0	0	3	3	0	1	0
8144	0	0	0	1	2	5	0	0	3	3	0	0	0
8145	0	0	0	1	2	5	0	0	3	3	0	0	0
8146	0	0	0	1	2	5	0	0	3	3	0	0	0
8147	0	0	0	1	2	5	0	0	3	3	0	0	0
8148	0	0	0	1	2	5	0	0	3	3	0	0	0
8149	0	0	0	1	2	5	0	0	3	3	0	0	0
8150	0	0	0	1	2	5	0	0	3	3	0	0	0
9001	1	1	1	1	2	5	0	0	3	3	0	1	0
9002	1	1	1	1	2	5	0	0	3	3	0	1	0
9003	1	1	1	1	2	5	0	0	3	3	0	1	0
9009	1	1	1	1	3	6	0	0	3	3	0	1	0
9993	1	1	1	1	2	7	0	0	3	3	0	1	0
9994	1	1	1	1	2	5	0	0	3	3	0	1	0
9995	1	1	1	1	2	5	0	0	3	3	0	1	1
9996	1	1	1	1	2	5	0	0	3	3	0	1	0
9997	1.1	2.4	1.6	2	3.2	8	0	0	3	3	0	1	0
9998	1	1	1	1	2	5	1.3	1.7	8	3	1	1	0
10001	1.1	2.4	1.6	2	3.2	9	0	0	3	3	0	1	0
10002	2	3.5	2.4	4	3.2	9	0	0	3	3	0	1	0
11001	1	2	1.5	1.5	2.5	5.5	0	0	3	3	0	1	0
11002	0.9	2	1.3	1.5	2.5	5.5	0	0	3	3	0	1	0
11003	0.6	1	0.8	0.8	2.5	5.5	0	0	3	3	0	1	0
11004	0.7	1	0.8	0.8	2	5	0	0	3	3	0	1	0
11005	0.5	0.9	0.7	0.7	2	5	0.7	1.1	8	3	1	1	1
11006	0.3	0.5	0.6	0.5	2	5	1	1	8	3	1	1	1
11007	1	1.5	1.2	1.3	2	5	0	0	3	3	0	1	0
11008	1	1.5	1.3	1.5	2	5	0	0	3	3	0	1	0
11009	1.9	3.4	2.4	2.5	2	5	0	0	3	3	1	2	0
11010	1	1	1	1	2	6	0	0	3	3	0	1	0
11011	1	1	1	1	2	6	0	0	3	3	0	1	0
11012	0.8	1	0.8	1	2	5	0	0	3	3	0	1	0
11013	0.3	1	0.6	1	2	5	0	0	3	3	0	1	0
11014	1	1.7	1	1	2	5	0	0	3	3	1	1	1
11015	0.5	1.5	1	1	2	5	0	0	3	3	0	1	0
11016	1	1	1.3	1	2	5	1.5	1.6	2	3	1	1	1
11017	1	1	1.4	2	2	5	0	0	3	3	0	1	0
11018	1	1	1	1	2	6	0	0	3	3	0	1	0
11019	1	1	1	1	2	6	0	0	3	3	0	1	0
11020	1	1	1	1	2	6	0	0	3	3	0	1	0
11021	3	4	1	1	2	6	0	0	3	3	0	2	0
11022	1.1	2.4	1.6	2	3.2	9	0	0	3	3	0	1	0
11023	1	1	1	1	2	6	0	0	3	3	0	1	0
11024	1	1	1	1	2	6	0	0	3	3	0	1	0
11025	1	1	1	1	2	6	0	0	3	3	0	1	0
20101	0.5	1	1	1	2.4	6	0	0	3	3	0	0	0
20104	0.5	1	0.5	0.5	1.3	6	0	0	3	3	0	0	0
20201	0.5	1	0.9	0.9	2.4	6	0	0	3	3	0	0	0
20204	0.5	1	0.5	0.5	1.3	6	0	0	3	3	0	0	0
20301	0.5	1	1.12	1.1	2.4	6	0	0	3	3	0	0	0
20401	0.5	1	1.05	1	2.4	6	0	0	3	3	0	0	0
20501	0.5	1	1.16	1.1	2.4	6	0	0	3	3	0	0	0
20504	0.5	1	0.5	0.5	1.3	6	0	0	3	3	0	0	0
20601	0.5	1	1.1	1.1	2.4	6	0	0	3	3	0	0	0
20604	0.5	1	0.5	0.5	1.3	6	0	0	3	3	0	0	0
20701	0.5	1	0.98	1	2.4	6	0	0	3	3	0	0	0
20801	0.5	1	0.93	0.9	2.4	6	0	0	3	3	0	0	0
20901	0.5	1	1.3	1.1	2.4	6	0	0	3	3	0	0	0
21001	0.5	1	1.2	1.1	2.4	6	0	0	3	3	0	0	0
21101	0.5	1	0.6	0.4	2.4	6	0	0	3	3	0	0	0
21201	0.5	1	0.6	0.4	2.4	6	0	0	3	3	0	0	0
21301	0.5	1	1.16	1.1	2.4	6	0	0	3	3	0	0	0
21401	0.5	1	0.9	0.8	2.4	6	0	0	3	3	0	0	0
29104	0.5	1	0.5	0.5	1.3	6	0	0	3	3	0	0	0
29204	0.5	1	0.5	0.5	1.3	6	0	0	3	3	0	0	0
