0	1-5	0	0	1	1	1	1	1	1	1	1
1	6-10	3	6	1	1	1	1	1	1	1	1
2	11-15	8	11	1	1	1	1	1	1	1	1
3	16-20	13	16	1	1	1	1	1	1	1	1
4	21-25	18	21	1	1	1	1	1	1	1	1
5	26-30	23	26	1	1	1	1	1	1	1	1
6	31-35	28	31	1	1	1	1	1	1	1	1
7	36-40	33	36	1	1	1	1	1	1	1	1
8	41-45	38	41	1	1	1	1	1	1	1	1
9	46-50	43	46	1	1	1	1	1	1	1	1
10	51-55	48	51	1	1	1	1	1	1	1	1
11	56-60	53	56	1	1	1	1	1	1	1	1
12	61-65	61	61	1	1	1	1	1	1	1	1
13	66-70	63	66	1	1	1	1	1	1	1	1
14	71-75	68	71	1	1	1	1	1	1	1	1
15	76-80	73	76	1	1	1	1	1	1	1	1
16	81-85	78	81	1	1	1	1	1	1	1	1
17	86-90	83	86	1	1	1	1	1	1	1	1
18	91-95	88	91	1	1	1	1	1	1	1	1
19	96-100	93	96	1	1	1	1	1	1	1	1
20	101-105	98	101	1	1	1	1	1	1	1	1
21	106-110	103	106	1	1	1	1	1	1	1	1
22	111-115	108	111	1	1	1	1	1	1	1	1
23	116-120	113	116	1	1	1	1	1	1	1	1
24	121-125	118	121	1	1	1	1	1	1	1	1
25	126-130	123	126	1	1	1	1	1	1	1	1
26	131-135	128	131	1	1	1	1	1	1	1	1
27	136-140	133	136	1	1	1	1	1	1	1	1
28	141-145	138	141	1	1	1	1	1	1	1	1
29	146-150	143	146	1	1	1	1	1	1	1	1
30	151-155	148	151	1	1	1	1	1	1	1	1
31	156-160	153	156	1	1	1	1	1	1	1	1
32	161-175	158	161	1	1	1	1	1	1	1	1
33	166-170	163	166	1	1	1	1	1	1	1	1
34	171-175	168	171	1	1	1	1	1	1	1	1
35	176-180	173	176	1	1	1	1	1	1	1	1
36	181-185	178	181	1	1	1	1	1	1	1	1
37	186-190	183	186	1	1	1	1	1	1	1	1
38	191-195	188	191	1	1	1	1	1	1	1	1
39	196-200	193	196	1	1	1	1	1	1	1	1
40	[\xe7\xbf\xbb\xe8\xa8\xb3\xe4\xb8\x8d\xe8\xa6\x81] \xe3\x83\xac\xe3\x83\x99\xe3\x83\xab\xe5\x8c\xba\xe5\x88\x86\xe7\xb5\x82\xe7\xab\xaf	255	255	1	1	1	1	1	1	1	1
1000	\xe3\x83\x8f\xe3\x82\xa6\xe3\x82\xb8\xe3\x83\xb3\xe3\x82\xb0	12	255	1	1	1	1	1	1	1	1
1001	\xe3\x82\xab\xe3\x83\xa9\xe3\x83\xa9\xe3\x83\xb3\xe3\x83\x88	30	255	1	1	1	1	1	1	1	1
1002	PvP\xe5\x90\x91\xe3\x81\x91	50	255	1	1	1	1	1	1	1	1
1003	\xe7\xa7\x98\xe4\xbc\x9d\xe6\x9b\xb8	50	255	1	1	1	1	1	1	1	1
1004	\xe8\x9b\xae\xe6\x97\x8f\xe3\x82\xaf\xe3\x82\xa8\xe3\x82\xb9\xe3\x83\x88	1	255	1	1	1	1	1	1	1	1
1005		255	255	1	1	1	1	1	1	1	1
2000	\xe4\xbc\x9d\xe6\x89\xbf\xe9\x8c\xb2	255	50	1	1	1	1	1	1	1	1
2001		255	255	1	1	1	1	1	1	1	1
