0	0	0	0	0	0	0	0	0
1	0	0	0	0	0	0	0	0
2	0	0	0	0	0	0	0	0
3	0	0	0	1	0	0	0	0
4	0	0	0	0	0	0	0	0
5	33	0	0	2	0	0	0	1
6	34	0	0	2	0	0	0	1
7	58	0	0	3	0	0	0	1
8	81	81	81	2	0	1	0	0
9	121	121	121	2	0	1	0	0
10	123	123	123	2	0	0	0	1
11	124	0	0	2	0	0	0	1
12	127	0	0	2	0	0	1	0
13	128	128	128	2	0	0	1	0
14	129	0	0	2	0	0	1	0
15	133	0	0	2	0	0	0	1
16	134	0	0	2	0	0	0	1
17	142	0	0	2	0	0	0	1
18	143	143	143	2	0	1	0	1
19	146	146	146	2	0	1	0	0
20	180	0	0	2	0	0	0	1
21	181	0	0	2	0	0	0	1
22	212	0	0	2	0	0	0	1
23	214	0	0	10	0	0	0	1
24	216	0	0	8	0	0	0	1
25	217	0	0	2	0	0	0	1
26	218	218	218	2	0	1	0	0
27	219	0	0	2	0	0	0	1
28	258	258	258	2	0	1	0	0
29	266	266	266	2	0	1	0	1
30	301	301	301	2	0	1	0	0
31	311	0	0	2	0	0	0	1
32	312	0	0	2	0	0	0	1
33	372	0	0	2	0	0	0	1
34	373	0	0	2	0	0	0	1
35	391	391	391	2	0	1	0	0
36	406	0	0	2	0	0	0	1
37	583	0	0	2	0	0	1	0
38	584	0	0	2	0	0	1	0
39	585	0	0	2	0	0	1	0
40	610	610	610	2	0	1	1	0
41	611	0	0	2	0	0	1	0
42	612	0	0	2	0	0	1	0
43	613	0	0	2	0	0	1	0
44	626	626	626	2	0	1	0	0
45	628	628	628	2	0	1	0	0
46	643	0	0	2	0	0	1	0
47	644	0	0	2	0	0	1	0
48	645	0	0	2	0	0	1	0
49	735	0	0	2	0	0	0	1
50	736	0	0	2	0	0	0	1
51	737	737	737	2	0	1	1	1
52	751	751	751	2	0	1	0	0
53	762	0	0	3	0	0	0	1
54	766	0	0	2	0	0	0	1
55	948	0	0	2	1	0	0	0
56	984	984	984	2	0	1	0	0
57	1010	0	0	2	0	0	0	1
58	1013	0	0	2	0	0	0	1
59	1030	0	0	2	0	0	0	1
60	1031	0	0	2	0	0	0	1
61	1032	0	0	2	0	0	0	1
62	1049	1049	1049	3	0	0	0	1
63	1054	0	0	2	0	0	0	1
64	1077	1077	1077	2	0	1	0	1
65	1093	0	0	2	0	0	0	1
66	1123	0	0	2	0	0	0	1
67	1184	1184	1184	2	0	1	0	0
68	1212	0	0	2	0	0	1	0
69	1213	0	0	2	0	0	1	0
70	1214	0	0	2	0	0	1	0
71	1215	1215	1215	2	0	0	0	1
72	1219	0	0	2	0	0	0	1
73	1221	0	0	2	0	0	0	1
74	1224	0	0	2	0	0	0	1
75	1262	1262	1262	2	0	1	0	0
76	1266	1266	1266	2	0	0	1	0
77	1267	0	0	2	0	0	1	0
78	1268	0	0	2	0	0	1	0
79	1314	0	0	2	0	0	1	0
80	1315	0	0	2	0	0	1	0
81	1316	1316	1316	2	0	0	1	0
82	1317	0	0	2	0	0	1	0
83	1321	1321	1321	2	0	1	0	0
84	1324	1324	1324	2	0	1	0	0
85	1336	1336	1336	2	0	1	0	0
86	1522	1522	1522	2	0	1	0	1
87	1523	0	0	2	0	0	0	1
88	1524	0	0	2	0	0	0	1
89	1525	0	0	2	0	0	0	1
90	1539	1539	1539	2	0	1	0	1
91	1540	0	0	2	0	0	0	1
92	1563	0	0	2	0	0	1	0
93	1564	0	0	2	0	0	1	0
94	1565	0	0	2	0	0	1	0
95	1610	1610	1610	2	0	1	0	0
96	1616	1616	1616	2	0	1	0	0
97	3	0	0	3	0	0	0	1
98	10	10	10	20	0	1	0	0
99	12	12	12	3	0	1	0	1
100	18	0	0	3	0	0	0	1
101	29	29	29	3	0	1	0	0
102	32	0	0	3	0	0	0	1
103	36	36	36	3	0	1	1	0
104	114	114	114	3	0	1	0	0
105	115	0	0	3	0	0	0	1
106	176	176	176	3	0	1	1	1
107	231	0	0	3	0	0	0	1
108	250	250	250	3	0	1	0	0
109	282	282	282	3	0	1	0	0
110	284	0	0	3	0	0	0	1
111	302	0	0	3	0	0	0	1
112	309	309	309	3	0	1	0	0
113	310	0	0	3	0	0	0	1
114	328	328	328	3	0	1	0	0
115	358	0	0	3	0	0	1	1
116	359	359	359	3	0	1	0	0
117	417	0	0	3	0	0	1	0
118	422	422	422	3	0	1	0	0
119	427	427	427	3	0	1	0	0
120	429	0	0	3	0	0	0	1
121	484	0	0	3	0	0	0	1
122	579	579	579	3	0	1	0	0
123	627	0	0	3	0	0	0	1
124	744	744	744	3	0	1	0	0
125	758	758	758	3	0	1	1	1
126	816	0	0	3	0	0	1	0
127	942	942	942	3	0	1	0	0
128	943	0	0	3	0	0	0	1
129	944	0	0	3	0	0	0	1
130	983	983	983	3	0	1	1	0
131	1026	1026	1026	3	0	1	1	0
132	1027	0	0	3	0	0	0	1
133	1046	0	0	3	0	0	0	1
134	1092	0	0	3	0	0	0	1
135	1107	1107	1107	3	0	1	0	0
136	1158	1158	1158	3	0	1	1	1
137	1225	0	0	3	0	0	1	0
138	1226	0	0	3	0	0	0	1
139	1227	1227	1227	3	0	1	0	0
140	1252	0	0	3	0	0	1	1
141	1263	1263	1263	19	0	0	1	0
142	1275	1275	1275	3	0	0	1	0
143	1276	0	0	3	0	0	1	0
144	1277	0	0	3	0	0	1	0
145	1319	1319	1319	4	0	1	0	0
146	1351	1351	1351	3	0	1	0	0
147	1368	1368	1368	3	0	1	0	0
148	1445	0	0	3	0	0	0	1
149	1477	1477	1477	3	0	1	0	1
150	1515	1515	1515	3	0	1	0	0
151	1516	1516	1516	3	0	1	0	0
152	1604	1604	1604	3	0	1	0	0
153	7	0	0	20	0	0	0	1
154	8	0	0	20	0	0	0	1
155	116	116	116	20	0	1	0	0
156	117	0	0	20	0	0	1	0
157	137	137	137	4	0	1	0	0
158	145	145	145	4	0	1	0	0
159	151	0	0	20	0	0	0	1
160	155	0	0	20	0	0	0	1
161	244	244	244	5	0	1	1	1
162	255	0	0	4	0	0	0	1
163	256	0	0	4	0	0	0	1
164	280	280	280	20	0	1	0	1
165	392	0	0	20	0	0	1	0
166	393	0	0	20	0	0	1	0
167	394	0	0	20	0	0	1	0
168	404	404	404	20	0	1	0	0
169	419	0	0	4	0	0	0	1
170	420	0	0	4	0	0	0	1
171	421	421	421	4	0	1	0	0
172	457	457	457	20	0	1	0	1
173	458	0	0	20	0	0	0	1
174	471	471	471	20	0	1	0	0
175	493	0	0	4	0	0	0	1
176	494	494	494	4	0	0	0	1
177	497	497	497	20	0	1	0	1
178	538	0	0	4	0	0	0	1
179	539	0	0	4	0	0	0	1
180	590	0	0	4	0	0	1	0
181	591	591	591	4	0	0	1	0
182	592	0	0	4	0	0	1	0
183	605	0	0	20	0	0	0	1
184	606	0	0	20	0	0	0	1
185	615	615	615	20	0	1	0	0
186	623	623	623	4	0	1	0	1
187	649	649	649	20	0	0	1	0
188	650	0	0	20	0	0	1	0
189	651	0	0	20	0	0	1	0
190	675	0	0	20	0	0	1	0
191	676	0	0	20	0	0	1	0
192	677	677	677	20	0	0	1	0
193	705	705	705	4	0	1	0	0
194	710	710	710	20	0	1	1	1
195	800	0	0	4	0	0	1	0
196	801	801	801	4	0	0	1	0
197	802	0	0	4	0	0	1	0
198	861	861	861	4	0	1	0	0
199	892	892	892	20	0	1	0	0
200	893	0	0	5	0	0	0	1
201	925	925	925	20	0	1	0	1
202	926	0	0	20	0	0	0	1
203	927	0	0	20	0	0	0	1
204	939	0	0	20	0	0	0	1
205	940	0	0	20	0	0	0	1
206	987	987	987	20	0	1	0	0
207	994	994	994	20	0	1	0	0
208	998	998	998	20	0	1	1	1
209	1035	1035	1035	4	0	1	0	0
210	1047	1047	1047	20	0	1	0	1
211	1048	0	0	20	0	0	0	1
212	1072	0	0	20	0	0	0	1
213	1073	0	0	20	0	0	0	1
214	1091	1091	1091	20	0	1	0	0
215	1116	1116	1116	20	0	1	0	0
216	1121	1121	1121	20	0	1	0	0
217	1129	1129	1129	20	0	1	0	0
218	1150	0	0	20	0	0	0	1
219	1151	1151	1151	20	0	1	1	1
220	1152	1152	1152	20	0	0	1	0
221	1168	0	0	4	0	0	0	1
222	1171	1171	1171	4	0	1	0	0
223	1194	1194	1194	4	0	1	0	0
224	1199	1199	1199	4	0	1	0	0
225	1205	0	0	4	0	0	0	1
226	1242	1242	1242	20	0	1	0	1
227	1243	0	0	20	0	0	0	1
228	1256	0	0	4	0	0	1	0
229	1257	0	0	4	0	0	1	0
230	1345	1345	1345	20	0	1	0	0
231	1346	0	0	20	0	0	0	1
232	1347	0	0	20	0	0	0	1
233	1392	1392	1392	20	0	1	1	1
234	1393	0	0	5	0	0	0	1
235	1399	1399	1399	20	0	1	0	0
236	1456	1456	1456	20	0	1	0	0
237	1488	1488	1488	20	0	1	0	0
238	1489	0	0	20	0	0	0	1
239	1490	1490	1490	20	0	1	1	1
240	1542	1542	1542	4	0	1	0	0
241	1576	1576	1576	20	0	1	0	0
242	1598	1598	1598	7	0	1	0	0
243	1602	1602	1602	20	0	1	0	0
244	0	0	0	0	0	0	0	0
245	102	0	0	5	0	0	0	1
246	103	0	0	5	0	0	0	1
247	104	104	104	5	0	1	0	0
248	105	105	105	7	0	1	0	0
249	109	0	0	5	0	0	0	1
250	110	110	110	5	0	0	0	1
251	234	234	234	5	0	1	1	0
252	235	0	0	5	0	0	0	1
253	236	236	236	5	0	0	1	1
254	237	0	0	5	0	0	1	0
255	238	0	0	5	0	0	1	0
256	322	322	322	5	0	1	0	1
257	414	0	0	5	0	0	1	0
258	415	0	0	5	0	0	1	0
259	416	0	0	5	0	0	1	0
260	423	423	423	5	0	1	0	0
261	424	0	0	5	0	0	0	1
262	425	0	0	5	0	0	1	0
263	426	0	0	5	0	0	0	1
264	477	477	477	5	0	1	0	0
265	567	567	567	5	0	1	0	0
266	617	617	617	5	0	1	0	0
267	775	775	775	5	0	0	0	1
268	776	776	776	5	0	0	0	1
269	1131	1131	1131	5	0	1	0	0
270	1136	1136	1136	5	0	1	0	0
271	1383	1383	1383	5	0	1	0	0
272	1580	0	0	4	0	0	1	0
273	1581	1581	1581	4	0	0	1	0
274	1582	0	0	4	0	0	1	0
275	31	31	31	6	0	1	0	0
276	43	43	43	6	0	1	0	0
277	56	56	56	6	0	1	0	1
278	57	0	0	6	0	0	0	1
279	71	0	0	6	0	0	0	1
280	72	0	0	6	0	0	0	1
281	97	0	0	14	0	0	0	1
282	113	113	113	6	0	1	0	0
283	138	138	138	20	0	1	0	0
284	149	149	149	6	0	1	0	0
285	164	164	164	6	0	0	1	0
286	165	0	0	6	0	0	1	0
287	174	174	174	6	0	1	0	0
288	195	0	0	6	0	0	0	1
289	202	202	202	6	0	1	0	0
290	203	0	0	6	0	0	0	1
291	226	0	0	6	0	0	0	1
292	227	0	0	6	0	0	0	1
293	325	325	325	6	0	1	0	0
294	396	396	396	6	0	1	0	0
295	399	399	399	6	0	1	0	0
296	487	0	0	6	0	0	0	1
297	488	0	0	6	0	0	0	1
298	535	0	0	6	0	0	0	1
299	536	0	0	6	0	0	0	1
300	546	0	0	6	0	0	0	1
301	547	0	0	6	0	0	0	1
302	557	0	0	6	0	0	0	1
303	558	558	558	7	0	1	0	0
304	571	0	0	14	0	0	0	1
305	636	636	636	7	0	1	0	0
306	659	0	0	6	0	0	0	1
307	660	0	0	6	0	0	0	1
308	707	707	707	6	0	1	0	1
309	731	0	0	6	0	0	0	1
310	732	0	0	6	0	0	0	1
311	740	740	740	6	0	1	0	1
312	741	0	0	6	0	0	0	1
313	777	777	777	6	0	1	0	0
314	781	0	0	6	0	0	0	1
315	782	0	0	6	0	0	0	1
316	806	0	0	6	0	0	1	0
317	807	807	807	6	0	0	1	0
318	808	0	0	6	0	0	1	0
319	928	928	928	6	0	1	0	0
320	934	934	934	6	0	1	0	0
321	941	941	941	6	0	1	0	0
322	985	985	985	15	0	1	0	1
323	1078	1078	1078	6	0	1	0	1
324	1079	0	0	6	0	0	0	1
325	1090	1090	1090	6	0	1	0	1
326	1096	0	0	6	0	0	0	1
327	1097	0	0	6	0	0	0	1
328	1144	0	0	6	0	0	0	1
329	1153	0	0	6	0	0	0	1
330	1183	1183	1183	6	0	1	0	0
331	1190	1190	1190	6	0	1	0	0
332	1197	0	0	6	0	0	0	1
333	1198	0	0	6	0	0	0	1
334	1238	0	0	6	0	0	0	1
335	1249	0	0	6	0	0	1	0
336	1250	0	0	6	0	0	1	0
337	1251	0	0	6	0	0	1	0
338	1287	0	0	6	0	0	0	1
339	1288	0	0	6	0	0	0	1
340	1318	1318	1318	6	0	1	0	0
341	1332	1332	1332	6	0	1	0	0
342	1333	0	0	4	0	0	0	1
343	1367	0	0	10	0	0	1	0
344	1379	1379	1379	4	0	0	1	0
345	1380	0	0	4	0	0	1	0
346	1381	0	0	4	0	0	1	0
347	1436	0	0	6	0	0	0	1
348	1450	1450	1450	6	0	1	0	0
349	1454	1454	1454	6	0	1	0	0
350	1455	1455	1455	6	0	0	0	1
351	1460	1460	1460	6	0	0	1	0
352	1461	0	0	6	0	0	1	0
353	1462	0	0	6	0	0	1	0
354	1475	1475	1475	4	0	1	1	1
355	1476	1476	1476	4	0	0	1	1
356	1526	1526	1526	7	0	1	0	1
357	1535	0	0	6	0	0	0	1
358	1541	0	0	6	0	0	0	1
359	1548	0	0	6	0	0	1	0
360	1549	0	0	6	0	0	1	0
361	1550	0	0	6	0	0	1	0
362	1579	1579	1579	6	0	1	0	0
363	39	0	0	7	0	0	0	1
364	40	0	0	7	0	0	0	1
365	41	41	41	9	0	1	0	0
366	44	44	44	7	0	1	1	1
367	64	64	64	7	0	0	1	0
368	65	65	65	7	0	1	1	0
369	66	0	0	7	0	0	0	1
370	76	0	0	7	0	0	0	1
371	154	0	0	7	0	0	0	1
372	173	173	173	7	0	1	0	0
373	230	230	230	7	0	1	1	1
374	355	355	355	9	0	1	0	0
375	364	0	0	7	0	0	0	1
376	365	365	365	7	0	0	0	1
377	380	380	380	7	0	1	0	0
378	435	435	435	7	0	1	0	0
379	437	0	0	7	0	0	1	0
380	441	441	441	7	0	0	0	1
381	442	0	0	7	0	0	0	1
382	445	445	445	20	0	1	0	0
383	446	0	0	7	0	0	0	1
384	447	0	0	7	0	0	0	1
385	451	451	451	6	0	1	0	0
386	452	0	0	20	0	0	1	0
387	453	0	0	20	0	0	1	0
388	454	0	0	20	0	0	1	0
389	468	468	468	9	0	1	0	0
390	474	0	0	7	0	0	0	1
391	481	481	481	7	0	0	1	0
392	482	0	0	7	0	0	0	1
393	534	534	534	7	0	1	0	1
394	581	581	581	7	0	0	1	0
395	587	587	587	7	0	1	1	0
396	589	0	0	7	0	0	0	1
397	595	595	595	9	0	1	0	0
398	621	621	621	7	0	0	0	1
399	661	661	661	7	0	1	0	0
400	703	703	703	7	0	1	0	0
401	724	724	724	7	0	1	1	1
402	725	725	725	20	0	1	0	0
403	780	780	780	7	0	1	0	0
404	792	792	792	7	0	1	0	1
405	838	838	838	7	0	1	0	0
406	840	840	840	7	0	0	1	0
407	841	841	841	7	0	0	0	1
408	850	850	850	7	0	1	0	0
409	853	853	853	7	0	0	1	0
410	878	878	878	6	0	1	0	0
411	884	884	884	7	0	0	0	1
412	891	891	891	20	0	1	0	0
413	901	901	901	6	0	1	0	0
414	956	956	956	7	0	1	0	1
415	990	0	0	7	0	0	0	1
416	1002	1002	1002	7	0	1	1	1
417	1019	1019	1019	7	0	1	1	1
418	1020	0	0	7	1	0	0	0
419	1050	0	0	7	0	0	0	1
420	1076	1076	1076	7	0	0	0	1
421	1082	1082	1082	7	0	1	0	0
422	1143	0	0	7	0	0	0	1
423	1191	0	0	7	0	0	0	1
424	1352	1352	1352	7	0	1	0	0
425	1420	1420	1420	7	0	1	0	0
426	1606	0	0	7	0	0	1	0
427	20	0	0	8	1	0	0	0
428	46	0	0	8	1	0	0	0
429	79	0	0	8	1	0	0	0
430	135	0	0	8	0	0	0	1
431	197	197	197	8	0	1	0	0
432	198	0	0	8	0	0	0	1
433	201	0	0	8	0	0	0	1
434	204	0	0	8	0	0	0	1
435	210	0	0	8	0	0	0	1
436	254	0	0	8	0	0	0	1
437	260	0	0	8	0	0	0	1
438	285	0	0	8	0	0	0	1
439	405	405	405	8	0	1	0	0
440	438	0	0	8	0	0	1	0
441	513	0	0	8	0	0	0	1
442	521	521	521	8	0	1	0	0
443	522	0	0	8	0	0	0	1
444	523	523	523	8	0	1	0	0
445	598	0	0	8	0	0	0	1
446	599	599	599	8	0	1	0	0
447	743	743	743	8	0	1	1	1
448	756	0	0	8	0	0	0	1
449	764	0	0	8	0	0	1	1
450	765	765	765	8	0	1	0	1
451	793	0	0	8	1	0	0	0
452	798	0	0	8	1	0	0	0
453	829	829	829	8	0	1	0	0
454	830	0	0	8	0	0	0	1
455	858	0	0	8	0	0	0	1
456	860	860	860	8	0	1	0	0
457	886	0	0	8	0	0	0	1
458	906	906	906	8	0	1	1	0
459	907	0	0	8	0	0	0	1
460	953	0	0	8	0	0	0	1
461	962	0	0	8	1	0	0	0
462	963	0	0	8	1	0	0	0
463	978	0	0	8	0	0	0	1
464	982	0	0	8	0	0	0	1
465	997	0	0	8	0	0	0	1
466	0	0	0	0	0	0	0	0
467	1036	1036	1036	8	0	1	1	1
468	1056	1056	1056	8	0	1	0	0
469	1057	0	0	8	0	0	1	0
470	1058	0	0	8	0	0	0	1
471	1071	1071	1071	8	0	1	1	1
472	1088	0	0	7	0	0	0	1
473	1105	0	0	8	0	0	0	1
474	1119	0	0	8	0	0	0	1
475	1193	1193	1193	8	0	1	0	0
476	1209	1209	1209	8	0	1	1	1
477	1237	0	0	8	0	0	1	1
478	1244	0	0	8	1	0	0	0
479	1452	0	0	8	0	0	0	1
480	1473	0	0	8	0	0	0	1
481	1629	1629	1629	8	0	0	1	0
482	5	5	5	9	0	1	0	0
483	14	0	0	9	0	0	0	1
484	15	0	0	9	0	0	0	1
485	47	47	47	9	0	1	1	1
486	77	77	77	4	0	1	0	0
487	80	0	0	9	1	0	0	0
488	95	95	95	9	0	1	0	0
489	100	100	100	9	0	1	0	0
490	106	0	0	9	0	0	0	1
491	107	107	107	9	0	1	0	0
492	144	144	144	9	0	1	0	0
493	153	153	153	9	0	1	0	0
494	0	0	0	0	0	0	0	0
495	0	0	0	0	0	0	0	0
496	196	0	0	9	0	0	0	1
497	228	0	0	9	0	0	0	1
498	257	257	257	9	0	1	0	0
499	0	0	0	0	0	0	0	0
500	279	279	279	9	0	1	0	1
501	0	0	0	0	0	0	0	0
502	291	0	0	9	0	0	0	1
503	300	0	0	9	0	0	0	1
504	0	0	0	0	0	0	0	0
505	329	0	0	9	0	0	1	0
506	351	0	0	9	0	0	0	1
507	367	367	367	9	0	1	0	0
508	368	368	368	9	0	1	1	1
509	376	0	0	9	0	0	0	1
510	378	378	378	9	0	1	0	1
511	397	0	0	9	0	0	0	1
512	400	400	400	9	0	1	0	0
513	0	0	0	0	0	0	0	0
514	0	0	0	0	0	0	0	0
515	462	462	462	9	0	1	0	0
516	464	464	464	9	0	1	0	1
517	478	478	478	9	0	1	0	0
518	480	480	480	9	0	0	1	0
519	509	509	509	9	0	0	1	0
520	511	511	511	9	0	1	0	0
521	529	529	529	9	0	1	0	0
522	537	537	537	9	0	1	0	0
523	552	0	0	9	0	0	1	0
524	588	0	0	9	0	0	0	1
525	616	616	616	9	0	1	0	0
526	663	663	663	9	0	1	0	0
527	665	0	0	9	1	0	0	0
528	667	667	667	9	0	1	0	0
529	679	0	0	9	0	0	1	0
530	695	0	0	9	1	0	0	0
531	763	0	0	9	0	0	0	1
532	768	768	768	9	0	1	0	0
533	818	818	818	9	0	0	1	0
534	832	832	832	14	0	1	0	0
535	835	835	835	9	0	1	0	0
536	852	0	0	9	0	0	0	1
537	908	908	908	9	0	1	0	1
538	949	0	0	19	0	0	0	1
539	954	954	954	9	0	1	0	0
540	981	981	981	9	0	1	1	0
541	1063	0	0	9	1	0	0	0
542	1068	0	0	9	0	0	0	1
543	1080	0	0	9	0	0	0	1
544	1081	0	0	9	0	0	0	1
545	1083	1083	1083	9	0	1	0	0
546	1084	1084	1084	9	0	1	0	0
547	1087	0	0	9	0	0	0	1
548	1099	0	0	9	0	0	0	1
549	1100	1100	1100	9	0	1	1	0
550	1101	1101	1101	9	0	1	0	0
551	1102	0	0	9	0	0	0	1
552	1111	1111	1111	9	0	1	0	1
553	1112	1112	1112	9	0	1	0	1
554	1120	1120	1120	9	0	1	1	0
555	1122	1122	1122	9	0	0	0	1
556	1124	0	0	9	0	0	0	1
557	1125	0	0	9	0	0	0	1
558	1179	1179	1179	9	0	1	0	0
559	1187	0	0	9	0	0	0	1
560	1203	1203	1203	9	0	1	0	0
561	1220	0	0	9	0	0	0	1
562	1264	1264	1264	9	0	0	1	0
563	1269	0	0	9	0	0	1	0
564	1270	1270	1270	9	0	0	1	0
565	1291	1291	1291	9	0	1	0	1
566	1292	0	0	9	0	0	0	1
567	1360	1360	1360	9	0	1	0	0
568	1364	1364	1364	9	0	1	0	0
569	1382	0	0	9	0	0	1	0
570	1389	1389	1389	9	0	1	0	0
571	1403	1403	1403	9	0	1	0	0
572	1406	1406	1406	9	0	1	0	1
573	1469	1469	1469	9	0	1	1	0
574	1470	1470	1470	14	0	0	0	1
575	1499	1499	1499	9	0	1	0	0
576	1543	1543	1543	9	0	0	1	0
577	1544	0	0	9	0	0	0	1
578	1551	1551	1551	9	0	1	0	0
579	1585	1585	1585	9	0	1	0	0
580	1586	1586	1586	5	0	1	0	0
581	1630	1630	1630	9	0	1	1	1
582	199	0	0	4	0	0	0	1
583	200	0	0	4	0	0	0	1
584	206	206	206	19	0	1	0	1
585	252	0	0	4	0	0	0	1
586	253	0	0	4	0	0	0	1
587	272	272	272	10	0	1	0	0
588	273	273	273	10	0	0	0	1
589	298	298	298	10	0	1	0	0
590	349	349	349	10	0	1	0	0
591	350	0	0	10	0	0	0	1
592	403	403	403	4	0	1	0	0
593	410	410	410	10	0	1	1	0
594	411	0	0	10	0	0	0	1
595	448	448	448	10	0	0	0	1
596	520	520	520	10	0	1	0	0
597	532	532	532	10	0	1	0	0
598	564	564	564	10	0	0	1	1
599	565	565	565	10	0	1	0	0
600	582	0	0	10	1	0	0	0
601	691	691	691	10	0	1	0	0
602	694	0	0	10	0	0	1	0
603	790	790	790	10	0	1	0	1
604	791	791	791	10	0	1	0	1
605	815	815	815	10	0	0	1	0
606	881	881	881	10	0	0	0	1
607	882	882	882	10	0	1	0	0
608	883	0	0	10	0	0	0	1
609	912	912	912	10	0	1	1	1
610	935	0	0	10	0	0	0	1
611	936	936	936	10	0	1	0	0
612	937	0	0	10	0	0	0	1
613	938	0	0	10	0	0	0	1
614	945	945	945	10	0	1	1	0
615	965	0	0	10	0	0	1	0
616	969	0	0	4	0	0	0	1
617	970	0	0	4	0	0	0	1
618	972	972	972	10	0	1	0	0
619	991	991	991	10	0	1	0	0
620	992	992	992	10	0	1	0	0
621	999	999	999	10	0	1	0	1
622	1000	1000	1000	10	0	1	0	0
623	1017	1017	1017	4	0	1	0	0
624	1018	1018	1018	10	0	1	1	1
625	1028	0	0	10	0	0	0	1
626	1029	0	0	10	0	0	0	1
627	1060	0	0	10	0	0	0	1
628	1061	0	0	10	0	0	0	1
629	1113	1113	1113	10	0	1	0	0
630	1114	0	0	10	0	0	0	1
631	1159	1159	1159	10	0	1	0	0
632	1200	1200	1200	10	0	1	0	0
633	1253	1253	1253	10	0	1	0	0
634	1254	0	0	10	0	0	0	1
635	1272	1272	1272	10	0	1	0	0
636	1284	0	0	10	0	0	0	1
637	1285	0	0	10	0	0	0	1
638	1330	1330	1330	10	0	1	1	0
639	1331	0	0	10	0	0	0	1
640	1341	1341	1341	4	0	1	0	0
641	1361	1361	1361	10	0	1	0	1
642	1363	1363	1363	10	0	1	0	0
643	1373	1373	1373	10	0	1	0	0
644	0	0	0	0	0	0	0	0
645	1390	1390	1390	10	0	1	0	0
646	1402	1402	1402	4	0	1	0	0
647	1438	1438	1438	10	0	1	1	1
648	1500	0	0	10	0	0	0	1
649	1501	1501	1501	10	0	1	0	0
650	1503	1503	1503	10	0	1	0	1
651	1506	0	0	10	1	0	0	0
652	1512	1512	1512	10	0	1	0	0
653	1513	0	0	10	0	0	0	1
654	1520	1520	1520	10	0	1	0	0
655	1521	0	0	10	0	0	0	1
656	1566	1566	1566	10	0	1	0	0
657	1567	1567	1567	4	0	1	0	0
658	17	17	17	11	0	1	0	1
659	21	0	0	11	1	0	0	0
660	23	0	0	11	1	0	0	0
661	52	0	0	11	1	0	0	0
662	53	0	0	11	0	0	0	1
663	73	0	0	11	0	0	0	1
664	74	74	74	11	0	1	0	0
665	139	139	139	13	0	1	1	0
666	141	141	141	11	0	1	1	1
667	159	159	159	11	0	0	0	1
668	168	168	168	11	0	1	0	0
669	175	175	175	11	0	0	1	1
670	248	0	0	11	0	0	0	1
671	265	265	265	11	0	1	0	0
672	316	316	316	11	0	1	0	1
673	326	326	326	4	0	1	0	0
674	370	0	0	11	0	0	1	0
675	407	0	0	11	0	0	1	0
676	409	409	409	11	0	0	0	1
677	444	0	0	11	0	0	0	1
678	524	524	524	11	0	1	0	0
679	527	527	527	11	0	1	0	0
680	548	548	548	11	0	1	1	0
681	549	549	549	4	0	1	0	0
682	551	0	0	11	1	0	0	0
683	554	0	0	20	0	0	0	1
684	555	555	555	20	0	0	0	1
685	559	0	0	11	1	0	0	0
686	566	566	566	11	0	1	0	0
687	603	603	603	11	0	1	0	0
688	648	648	648	11	0	1	0	0
689	655	0	0	11	1	0	0	0
690	662	0	0	11	1	0	0	0
691	697	0	0	11	0	0	0	1
692	708	708	708	11	0	1	0	0
693	722	0	0	11	1	0	0	0
694	734	0	0	11	1	0	0	0
695	796	0	0	11	1	0	0	0
696	857	857	857	11	0	1	0	0
697	879	0	0	11	0	0	1	0
698	957	957	957	11	0	1	0	1
699	960	0	0	11	0	0	0	1
700	979	0	0	11	1	0	0	0
701	986	0	0	11	1	0	0	0
702	988	988	988	11	0	1	0	1
703	1004	1004	1004	11	0	1	0	0
704	1021	0	0	11	0	0	0	1
705	1023	0	0	11	0	0	0	1
706	1025	0	0	11	1	0	0	0
707	1051	0	0	11	0	0	0	1
708	1052	0	0	11	0	0	0	1
709	1053	0	0	11	0	0	0	1
710	1062	1062	1062	11	0	0	1	0
711	1064	0	0	11	0	0	0	1
712	1110	0	0	11	0	0	0	1
713	1139	0	0	11	0	0	0	1
714	1156	1156	1156	11	0	1	0	0
715	1169	0	0	11	0	0	0	1
716	1172	1172	1172	11	1	1	0	0
717	1173	1173	1173	11	0	1	0	0
718	1174	1174	1174	11	0	1	0	0
719	1185	1185	1185	11	0	0	1	0
720	1246	0	0	11	1	0	0	0
721	1248	1248	1248	11	0	1	0	0
722	1303	0	0	11	1	0	0	0
723	1307	0	0	11	1	0	0	0
724	1323	1323	1323	11	0	1	0	0
725	1326	1326	1326	11	0	1	0	0
726	1327	1327	1327	11	0	1	0	0
727	1328	1328	1328	4	0	1	0	0
728	1356	1356	1356	11	0	1	0	0
729	1369	1369	1369	11	0	1	0	0
730	1378	1378	1378	11	0	0	1	0
731	1388	1388	1388	11	0	1	0	0
732	1404	1404	1404	11	0	1	0	0
733	1414	1414	1414	11	0	1	0	0
734	1415	0	0	11	0	0	0	1
735	1430	1430	1430	11	0	1	0	0
736	1442	1442	1442	11	0	0	0	1
737	1446	1446	1446	11	0	0	0	1
738	1447	1447	1447	11	0	1	1	0
739	1451	0	0	11	0	0	0	1
740	1483	1483	1483	11	0	1	0	0
741	1504	0	0	11	1	0	0	0
742	1519	0	0	11	0	0	0	1
743	1560	1560	1560	11	0	1	0	0
744	1570	1570	1570	11	0	1	0	0
745	1584	1584	1584	11	0	1	1	0
746	1591	1591	1591	11	0	1	1	0
747	1592	0	0	11	0	0	1	0
748	1597	1597	1597	11	0	0	1	0
749	1619	0	0	11	1	0	0	0
750	1621	1621	1621	11	0	1	0	0
751	1622	0	0	11	0	0	0	1
752	130	130	130	12	0	1	0	0
753	132	132	132	4	0	1	0	0
754	161	0	0	12	0	0	0	1
755	162	0	0	12	0	0	0	1
756	188	188	188	12	0	1	0	0
757	296	296	296	4	0	1	0	0
758	408	0	0	12	0	0	0	1
759	485	0	0	12	0	0	0	1
760	486	486	486	12	0	0	1	0
761	490	490	490	4	0	1	0	0
762	498	498	498	12	0	1	0	0
763	504	0	0	12	0	0	0	1
764	505	0	0	12	0	0	0	1
765	507	0	0	12	0	0	1	1
766	508	508	508	12	0	1	0	0
767	542	542	542	12	0	1	0	0
768	550	550	550	4	0	1	0	0
769	556	0	0	12	0	0	1	0
770	601	0	0	12	0	0	0	1
771	693	0	0	12	1	0	0	0
772	714	714	714	12	0	1	0	0
773	716	716	716	4	0	1	0	0
774	726	726	726	12	0	1	0	1
775	733	733	733	12	0	1	0	0
776	738	738	738	12	0	1	1	0
777	812	0	0	12	1	0	0	0
778	856	856	856	12	0	1	0	0
779	889	889	889	12	0	1	0	1
780	1041	0	0	12	0	0	0	1
781	1157	1157	1157	12	0	1	0	1
782	1167	1167	1167	4	0	1	0	1
783	1180	1180	1180	12	0	1	0	0
784	1216	0	0	2	0	0	0	1
785	1217	0	0	2	0	0	0	1
786	1232	1232	1232	2	0	1	0	1
787	1233	0	0	2	0	0	0	1
788	1294	1294	1294	12	0	1	0	0
789	1305	1305	1305	4	0	1	0	0
790	1325	1325	1325	4	0	1	0	0
791	1342	1342	1342	12	0	1	0	0
792	1343	1343	1343	4	0	1	0	0
793	1480	1480	1480	4	0	1	0	0
794	1547	1547	1547	12	0	1	0	1
795	2	2	2	13	0	1	0	0
796	6	6	6	13	0	1	1	0
797	37	0	0	13	0	0	0	1
798	38	0	0	13	0	0	0	1
799	54	54	54	13	0	1	0	1
800	55	0	0	13	0	0	0	1
801	60	60	60	13	0	1	0	0
802	68	0	0	13	0	0	0	1
803	69	0	0	13	0	0	0	1
804	70	0	0	13	0	0	0	1
805	75	75	75	13	0	1	0	0
806	78	78	78	13	0	1	0	0
807	84	84	84	14	0	1	0	0
808	96	96	96	14	0	0	0	1
809	98	98	98	13	0	1	0	0
810	122	122	122	13	0	1	0	0
811	0	0	0	1	0	0	0	0
812	140	140	140	13	0	1	0	0
813	163	163	163	6	0	1	1	1
814	207	0	0	13	0	0	0	1
815	209	209	209	13	0	1	0	0
816	215	215	215	13	0	1	0	1
817	232	232	232	13	0	1	0	0
818	239	0	0	13	0	0	0	1
819	240	0	0	13	0	0	0	1
820	275	275	275	13	0	1	0	0
821	307	307	307	13	0	1	0	0
822	317	317	317	13	0	1	0	0
823	336	336	336	13	0	1	0	0
824	337	0	0	13	0	0	0	1
825	339	0	0	13	0	0	0	1
826	352	352	352	13	0	1	0	0
827	353	0	0	7	0	0	0	1
828	461	461	461	13	0	1	0	0
829	492	492	492	13	0	1	0	0
830	500	500	500	13	0	1	0	0
831	510	510	510	13	0	0	0	1
832	586	586	586	13	0	1	1	0
833	593	0	0	13	0	0	1	0
834	759	0	0	13	0	0	1	0
835	760	0	0	13	0	0	1	0
836	767	767	767	13	0	1	0	0
837	809	809	809	13	0	1	0	0
838	825	825	825	13	0	1	0	0
839	837	837	837	13	0	1	1	0
840	855	855	855	13	0	1	0	1
841	913	913	913	13	0	1	0	0
842	968	0	0	13	0	0	0	1
843	1006	1006	1006	13	1	1	1	1
844	1066	1066	1066	13	0	1	0	0
845	1098	0	0	13	0	0	1	0
846	1142	1142	1142	13	0	1	0	0
847	1146	1146	1146	14	0	0	0	1
848	1147	0	0	14	0	0	0	1
849	1204	1204	1204	6	0	1	0	0
850	1228	1228	1228	6	0	1	0	0
851	1247	1247	1247	13	1	0	0	1
852	1289	1289	1289	13	0	1	0	0
853	1290	0	0	13	0	0	0	1
854	1302	1302	1302	13	0	1	0	0
855	1308	1308	1308	13	0	1	0	0
856	1309	1309	1309	4	0	1	0	0
857	1344	1344	1344	13	0	1	0	0
858	1375	1375	1375	13	0	1	0	0
859	1401	1401	1401	13	0	1	0	0
860	1407	0	0	6	0	0	1	0
861	1408	0	0	6	0	0	1	0
862	1409	1409	1409	6	0	0	1	0
863	1448	1448	1448	13	0	1	1	0
864	1449	0	0	13	0	0	0	1
865	1463	0	0	13	0	0	0	1
866	1467	1467	1467	13	0	1	0	0
867	1508	1508	1508	13	0	0	0	1
868	1509	0	0	13	0	0	0	1
869	1517	0	0	13	0	0	0	1
870	1518	0	0	13	0	0	0	1
871	1546	1546	1546	20	0	1	0	0
872	1555	1555	1555	13	0	1	0	0
873	1558	1558	1558	13	0	1	0	0
874	13	13	13	4	0	1	0	1
875	16	0	0	9	0	0	0	1
876	0	0	0	0	0	0	0	0
877	67	0	0	14	0	0	0	1
878	150	150	150	14	0	0	0	1
879	222	222	222	14	0	1	0	0
880	223	223	223	14	0	0	0	1
881	224	0	0	14	0	0	0	1
882	225	225	225	14	0	1	1	1
883	288	0	0	14	0	0	0	1
884	289	0	0	14	0	0	0	1
885	305	305	305	14	0	1	0	0
886	340	0	0	14	0	0	0	1
887	377	377	377	14	0	1	0	0
888	460	460	460	14	0	1	1	0
889	476	476	476	4	0	1	0	0
890	479	479	479	5	0	1	0	0
891	512	512	512	4	0	1	0	0
892	515	515	515	14	0	1	0	0
893	516	516	516	14	0	0	1	0
894	517	0	0	14	0	0	1	0
895	518	0	0	14	0	0	1	0
896	526	526	526	4	0	1	0	0
897	562	562	562	14	0	0	0	1
898	563	0	0	14	0	0	0	1
899	568	568	568	14	0	1	0	0
900	569	569	569	14	0	1	0	1
901	570	0	0	14	0	0	0	1
902	572	0	0	14	0	0	0	1
903	573	0	0	14	0	0	0	1
904	602	602	602	14	0	0	0	1
905	604	0	0	14	0	0	1	0
906	607	607	607	14	0	1	0	0
907	609	609	609	14	0	1	0	0
908	686	686	686	15	0	0	1	0
909	717	0	0	14	1	0	0	0
910	742	742	742	20	0	1	0	1
911	770	770	770	14	0	1	0	1
912	786	786	786	4	0	1	0	0
913	822	0	0	14	0	0	1	0
914	823	823	823	14	0	0	1	0
915	824	0	0	14	0	0	1	0
916	833	833	833	4	0	1	0	0
917	846	0	0	4	0	0	0	1
918	977	977	977	14	0	1	0	0
919	1005	1005	1005	4	0	1	0	0
920	1075	1075	1075	14	0	1	0	0
921	1085	1085	1085	14	0	1	0	0
922	1126	1126	1126	14	0	1	0	0
923	1127	1127	1127	14	0	1	0	0
924	1130	0	0	4	0	0	0	1
925	1163	1163	1163	4	0	1	0	0
926	1176	0	0	14	0	0	0	1
927	1229	1229	1229	14	0	1	0	0
928	1258	0	0	14	0	0	0	1
929	1259	0	0	14	0	0	0	1
930	1311	0	0	14	0	0	1	0
931	1348	1348	1348	14	0	1	0	0
932	1349	1349	1349	14	0	1	0	0
933	1357	1357	1357	14	0	0	1	1
934	1400	1400	1400	4	0	1	0	0
935	1466	0	0	14	0	0	1	0
936	1468	1468	1468	14	0	1	0	1
937	1474	1474	1474	14	0	1	1	1
938	1514	0	0	14	0	0	0	1
939	1529	1529	1529	14	0	0	0	1
940	1530	1530	1530	14	0	1	0	0
941	1531	1531	1531	14	0	1	0	0
942	1552	1552	1552	14	0	1	0	0
943	1588	1588	1588	14	0	1	0	0
944	1589	1589	1589	4	0	1	0	0
945	27	0	0	15	0	0	0	1
946	61	0	0	15	0	0	0	1
947	91	91	91	15	0	1	1	1
948	92	92	92	15	0	1	0	0
949	93	0	0	15	0	0	0	1
950	160	160	160	15	0	1	0	0
951	241	0	0	15	0	0	0	1
952	242	0	0	15	0	0	0	1
953	277	0	0	15	0	0	0	1
954	278	0	0	15	0	0	0	1
955	286	286	286	15	0	1	0	0
956	287	287	287	15	0	1	0	0
957	290	290	290	15	0	1	0	0
958	318	0	0	15	0	0	1	1
959	342	0	0	15	0	0	0	1
960	0	0	0	0	0	0	0	0
961	387	0	0	15	0	0	0	1
962	388	388	388	15	0	1	0	0
963	389	0	0	15	0	0	0	1
964	390	390	390	15	0	1	0	0
965	430	0	0	15	0	0	0	1
966	431	431	431	15	0	1	0	0
967	434	434	434	15	0	1	0	0
968	443	443	443	15	0	1	0	0
969	0	0	0	0	0	0	0	0
970	545	545	545	15	0	1	0	0
971	574	0	0	6	0	0	0	1
972	600	600	600	15	0	1	0	0
973	0	0	0	1	0	0	0	0
974	624	0	0	4	0	0	0	1
975	625	625	625	6	0	1	0	0
976	638	638	638	4	0	0	0	1
977	656	0	0	15	1	0	0	0
978	671	0	0	15	0	0	1	0
979	672	0	0	15	0	0	1	0
980	680	0	0	15	0	0	0	1
981	681	0	0	15	0	0	0	1
982	684	684	684	15	0	1	0	0
983	685	685	685	15	0	1	0	0
984	687	0	0	15	0	0	1	0
985	719	719	719	15	0	1	0	0
986	727	0	0	15	0	0	0	1
987	728	728	728	20	0	1	0	0
988	729	0	0	20	0	0	0	1
989	730	0	0	20	0	0	0	1
990	773	0	0	4	0	0	0	1
991	794	794	794	15	0	1	1	0
992	795	0	0	15	0	0	1	0
993	799	799	799	15	0	1	0	0
994	821	821	821	15	0	1	1	0
995	874	874	874	15	0	1	1	0
996	888	0	0	15	0	0	0	1
997	890	0	0	15	0	0	1	1
998	894	894	894	15	0	1	1	0
999	0	0	0	0	0	0	0	0
1000	897	0	0	15	0	0	0	1
1001	898	0	0	15	0	0	0	1
1002	899	0	0	15	0	0	0	1
1003	900	900	900	15	0	1	0	0
1004	903	903	903	15	0	1	1	0
1005	0	0	0	0	0	0	0	0
1006	910	910	910	15	0	1	1	1
1007	911	911	911	15	0	1	1	1
1008	918	918	918	15	0	1	0	0
1009	933	933	933	15	0	0	0	1
1010	958	958	958	15	0	1	1	1
1011	959	959	959	15	0	1	0	0
1012	967	0	0	15	0	0	0	1
1013	1008	1008	1008	20	0	1	0	1
1014	0	0	0	0	0	0	0	0
1015	0	0	0	0	0	0	0	0
1016	0	0	0	0	0	0	0	0
1017	0	0	0	0	0	0	0	0
1018	1070	1070	1070	15	0	1	1	1
1019	1074	1074	1074	15	0	1	0	0
1020	1086	1086	1086	15	0	1	0	1
1021	1103	1103	1103	15	0	0	1	0
1022	1135	1135	1135	15	0	1	0	1
1023	1137	1137	1137	15	0	1	0	0
1024	1138	0	0	15	0	0	0	1
1025	1140	0	0	15	0	0	1	0
1026	1141	0	0	15	0	0	1	0
1027	1161	1161	1161	15	0	1	0	0
1028	1186	0	0	15	0	0	0	1
1029	1195	0	0	20	0	0	0	1
1030	1207	1207	1207	15	0	0	0	1
1031	1222	1222	1222	20	0	1	1	1
1032	1223	0	0	20	0	0	0	1
1033	1239	1239	1239	15	0	1	0	1
1034	1265	1265	1265	15	0	0	1	0
1035	1271	1271	1271	15	0	1	0	0
1036	1278	0	0	15	0	0	0	1
1037	1313	0	0	15	0	0	1	0
1038	1386	1386	1386	15	0	1	1	1
1039	1387	1387	1387	15	0	1	1	0
1040	1457	1457	1457	15	0	1	0	0
1041	1482	1482	1482	15	0	1	0	0
1042	1607	1607	1607	15	0	0	1	0
1043	26	26	26	19	0	1	1	1
1044	118	118	118	4	0	1	0	0
1045	292	0	0	4	0	0	0	1
1046	293	0	0	4	0	0	0	1
1047	338	338	338	20	0	1	0	0
1048	495	0	0	20	0	0	0	1
1049	496	496	496	20	0	1	0	1
1050	596	596	596	5	0	1	0	0
1051	637	0	0	4	0	0	0	1
1052	640	0	0	16	0	0	1	0
1053	641	0	0	16	0	0	1	0
1054	713	713	713	16	0	1	1	1
1055	720	720	720	16	0	1	1	1
1056	721	721	721	16	0	1	1	1
1057	739	739	739	16	0	1	0	0
1058	750	750	750	16	0	1	1	1
1059	752	752	752	16	0	1	1	1
1060	787	0	0	5	0	0	1	0
1061	788	788	788	5	0	0	1	0
1062	789	0	0	5	0	0	1	0
1063	803	0	0	5	0	0	1	0
1064	804	804	804	5	0	0	1	0
1065	805	805	805	5	0	0	1	0
1066	827	827	827	20	0	1	0	0
1067	842	0	0	5	0	0	1	0
1068	843	0	0	5	0	0	1	0
1069	844	0	0	5	0	0	1	0
1070	847	847	847	16	0	0	1	0
1071	848	0	0	16	0	0	1	0
1072	849	0	0	16	0	0	1	0
1073	871	871	871	4	0	1	0	1
1074	872	0	0	4	0	0	0	1
1075	922	922	922	20	0	1	0	0
1076	923	0	0	16	0	0	0	1
1077	924	0	0	16	0	0	0	1
1078	950	0	0	16	0	0	0	1
1079	951	951	951	16	0	1	1	0
1080	952	952	952	16	0	1	1	1
1081	1003	1003	1003	5	0	1	0	0
1082	1038	1038	1038	4	0	0	1	0
1083	1039	0	0	4	0	0	1	0
1084	1042	1042	1042	19	0	1	1	0
1085	1044	1044	1044	16	0	1	0	0
1086	1094	1094	1094	4	0	1	0	1
1087	1095	0	0	4	0	0	0	1
1088	1160	0	0	16	0	0	0	1
1089	1418	1418	1418	16	0	1	0	0
1090	1507	1507	1507	16	0	1	1	1
1091	1527	1527	1527	16	0	1	1	1
1092	1533	0	0	4	0	0	0	1
1093	1534	0	0	4	0	0	0	1
1094	1536	1536	1536	16	0	1	1	1
1095	1537	1537	1537	16	0	1	1	1
1096	1608	1608	1608	16	0	1	1	1
1097	1611	1611	1611	16	0	1	1	1
1098	1612	1612	1612	16	0	1	1	1
1099	1613	1613	1613	16	0	1	1	1
1100	1614	1614	1614	16	0	1	1	1
1101	1618	1618	1618	5	0	1	0	0
1102	1624	1624	1624	16	0	1	0	0
1103	1625	0	0	16	0	0	0	1
1104	1627	1627	1627	16	0	1	0	0
1105	63	0	0	17	1	0	0	0
1106	169	169	169	17	0	1	0	0
1107	182	182	182	17	0	1	0	0
1108	220	0	0	17	0	0	0	1
1109	360	360	360	17	0	1	1	0
1110	361	0	0	17	0	0	0	1
1111	362	0	0	17	0	0	1	0
1112	608	0	0	17	1	0	0	0
1113	614	614	614	17	0	0	1	0
1114	682	682	682	17	0	1	0	0
1115	711	711	711	17	0	1	1	0
1116	712	0	0	17	0	0	0	1
1117	723	0	0	17	1	0	0	0
1118	754	0	0	17	1	0	0	0
1119	757	757	757	15	0	1	0	0
1120	814	0	0	17	1	0	0	0
1121	0	0	0	0	0	0	0	0
1122	885	885	885	17	0	0	1	0
1123	919	0	0	17	1	0	0	0
1124	980	0	0	17	1	0	0	0
1125	993	993	993	15	0	1	0	0
1126	995	995	995	17	0	1	1	0
1127	996	0	0	17	0	0	0	1
1128	1033	0	0	17	0	0	0	1
1129	1040	0	0	17	0	0	0	1
1130	0	0	0	0	0	0	0	0
1131	1210	1210	1210	17	0	1	0	0
1132	1218	1218	1218	15	0	1	0	0
1133	1279	0	0	17	1	0	0	0
1134	1280	1280	1280	15	0	1	0	0
1135	1282	0	0	17	1	0	0	0
1136	1301	0	0	17	1	0	0	0
1137	1306	0	0	17	1	0	0	0
1138	1385	0	0	17	1	0	0	0
1139	1395	0	0	17	1	0	0	0
1140	1412	0	0	17	1	0	0	0
1141	1465	1465	1465	15	0	1	0	0
1142	1510	1510	1510	17	0	1	0	1
1143	1609	1609	1609	17	0	1	0	0
1144	1615	0	0	17	1	0	0	0
1145	1623	1623	1623	15	0	1	0	1
1146	1626	0	0	17	1	0	0	0
1147	344	0	0	18	0	0	1	0
1148	345	0	0	18	0	0	1	0
1149	346	0	0	18	0	0	1	0
1150	348	0	0	18	0	0	1	0
1151	439	439	439	18	0	1	0	0
1152	578	578	578	18	0	1	0	0
1153	629	629	629	18	0	1	0	0
1154	630	0	0	18	0	0	0	1
1155	631	0	0	18	0	0	0	1
1156	632	0	0	18	0	0	1	0
1157	633	633	633	18	0	0	1	0
1158	634	0	0	18	0	0	1	0
1159	746	746	746	18	0	0	0	1
1160	747	747	747	18	0	0	0	1
1161	748	0	0	18	0	0	1	0
1162	749	749	749	18	0	1	0	0
1163	753	753	753	18	0	1	0	0
1164	862	0	0	18	0	0	0	1
1165	863	0	0	18	0	0	0	1
1166	864	864	864	18	0	0	1	0
1167	870	870	870	18	0	1	0	0
1168	946	0	0	18	0	0	0	1
1169	947	0	0	18	0	0	0	1
1170	1298	0	0	18	0	0	1	0
1171	1423	1423	1423	18	0	1	0	0
1172	1484	1484	1484	18	0	1	0	0
1173	1485	0	0	18	0	0	1	0
1174	1486	0	0	18	0	0	0	1
1175	1487	0	0	18	0	0	0	1
1176	28	0	0	19	1	0	0	0
1177	87	0	0	19	0	0	0	1
1178	120	120	120	19	0	1	0	1
1179	147	147	147	9	0	1	0	0
1180	152	152	152	19	0	1	1	1
1181	190	0	0	19	0	0	0	1
1182	211	211	211	19	0	1	1	1
1183	213	213	213	14	0	1	0	0
1184	233	233	233	14	0	1	0	1
1185	246	246	246	19	0	0	0	1
1186	249	249	249	18	0	1	0	1
1187	262	262	262	14	0	1	0	0
1188	263	0	0	19	0	0	0	1
1189	297	297	297	19	0	1	0	0
1190	308	308	308	19	0	1	0	0
1191	319	319	319	19	0	1	0	0
1192	320	320	320	15	0	1	0	0
1193	321	321	321	4	0	1	0	0
1194	323	0	0	19	0	0	0	1
1195	324	0	0	19	0	0	0	1
1196	379	379	379	15	0	1	0	0
1197	382	382	382	4	0	1	0	0
1198	0	0	0	0	0	0	0	0
1199	428	428	428	19	0	1	0	0
1200	472	472	472	6	0	0	0	1
1201	473	0	0	6	0	0	0	1
1202	0	0	0	0	0	0	0	0
1203	519	0	0	19	0	0	1	0
1204	525	525	525	14	0	1	0	0
1205	543	543	543	19	0	0	1	0
1206	560	560	560	19	0	1	1	1
1207	619	0	0	6	0	0	0	1
1208	620	0	0	6	0	0	0	1
1209	653	653	653	18	0	1	0	1
1210	666	0	0	19	1	0	0	0
1211	688	0	0	19	1	0	0	0
1212	690	0	0	19	1	0	0	0
1213	696	0	0	19	1	0	0	0
1214	700	700	700	4	0	1	0	0
1215	715	0	0	19	1	0	0	0
1216	0	0	0	0	0	0	0	0
1217	774	0	0	19	1	0	0	0
1218	813	0	0	19	0	0	1	0
1219	817	817	817	19	0	0	1	0
1220	819	0	0	19	0	1	0	0
1221	820	0	0	19	0	0	0	1
1222	0	0	0	0	0	0	0	0
1223	831	0	0	19	0	0	0	1
1224	851	0	0	19	0	0	0	1
1225	865	865	865	19	0	1	0	0
1226	887	0	0	19	0	0	0	1
1227	914	0	0	19	0	0	0	1
1228	921	0	0	19	1	0	0	0
1229	929	0	0	7	0	0	1	0
1230	930	930	930	19	0	0	0	1
1231	931	931	931	19	0	1	0	0
1232	964	0	0	19	0	0	0	1
1233	971	0	0	19	0	0	0	1
1234	1089	0	0	6	0	0	0	1
1235	1117	1117	1117	19	0	1	0	1
1236	0	0	0	0	0	0	0	0
1237	1155	0	0	19	0	0	0	1
1238	0	0	0	0	0	0	0	0
1239	1175	0	0	9	0	0	0	1
1240	1177	1177	1177	15	0	1	0	0
1241	1188	0	0	19	1	0	0	0
1242	1192	1192	1192	19	0	1	0	0
1243	1201	1201	1201	14	0	1	0	0
1244	1235	1235	1235	19	0	1	0	0
1245	1255	1255	1255	4	0	0	1	0
1246	1297	1297	1297	18	0	1	1	1
1247	1304	0	0	19	1	0	0	0
1248	1337	0	0	11	0	0	0	1
1249	1398	1398	1398	19	0	1	0	0
1250	1413	1413	1413	6	0	1	0	0
1251	1433	1433	1433	19	0	1	0	1
1252	1459	1459	1459	19	0	0	0	1
1253	1471	0	0	14	0	0	0	1
1254	1479	1479	1479	18	0	1	0	0
1255	1545	0	0	4	0	0	0	1
1256	1557	0	0	19	0	1	0	0
1257	1571	1571	1571	19	0	1	0	0
1258	1575	1575	1575	19	0	1	0	0
1259	1620	1620	1620	19	0	1	1	1
1260	402	402	402	10	0	1	0	0
1261	1016	1016	1016	10	0	1	0	0
1262	1340	1340	1340	10	0	1	0	0
1263	42	42	42	6	0	1	0	0
1264	356	356	356	6	0	1	0	0
1265	1572	1572	1572	2	0	1	0	0
1266	1424	1424	1424	19	0	1	0	0
1267	683	0	0	17	0	0	0	1
1268	1281	0	0	17	0	0	0	1
1269	0	0	0	1	0	0	0	0
1270	0	0	0	1	0	0	0	0
1271	0	0	0	1	0	0	0	0
1272	0	0	0	1	0	0	0	0
1273	0	0	0	1	0	0	0	0
1274	0	0	0	1	0	0	0	0
1275	0	0	0	1	0	0	0	0
1276	0	0	0	1	0	0	0	0
1277	0	0	0	1	0	0	0	0
1278	0	0	0	1	0	0	0	0
1279	0	0	0	1	0	0	0	0
1280	0	0	0	1	0	0	0	0
1281	0	0	0	1	0	0	0	0
1282	0	0	0	1	0	0	0	0
1283	0	0	0	0	0	0	0	0
1284	0	0	0	0	0	0	0	0
1285	0	0	0	1	0	0	0	0
1286	0	0	0	0	0	0	0	0
1287	0	0	0	1	0	0	0	0
1288	0	0	0	1	0	0	0	0
1289	0	0	0	1	0	0	0	0
1290	0	0	0	1	0	0	0	0
1291	0	0	0	0	0	0	0	0
1292	0	0	0	1	0	0	0	0
1293	0	0	0	0	0	0	0	0
1294	0	0	0	1	0	0	0	0
1295	0	0	0	1	0	0	0	0
1296	0	0	0	1	0	0	0	0
1297	0	0	0	0	0	0	0	0
1298	0	0	0	1	0	0	0	0
1299	0	0	0	0	0	0	0	0
1300	0	0	0	1	0	0	0	0
1301	0	0	0	1	0	0	0	0
1302	0	0	0	1	0	0	0	0
1303	0	0	0	1	0	0	0	0
1304	0	0	0	1	0	0	0	0
1305	0	0	0	1	0	0	0	0
1306	0	0	0	1	0	0	0	0
1307	0	0	0	1	0	0	0	0
1308	0	0	0	1	0	0	0	0
1309	0	0	0	1	0	0	0	0
1310	0	0	0	1	0	0	0	0
1311	0	0	0	1	0	0	0	0
1312	0	0	0	1	0	0	0	0
1313	0	0	0	0	0	0	0	0
1314	0	0	0	0	0	0	0	0
1315	0	0	0	1	0	0	0	0
1316	0	0	0	1	0	0	0	0
1317	0	0	0	1	0	0	0	0
1318	0	0	0	1	0	0	0	0
1319	0	0	0	1	0	0	0	0
1320	0	0	0	1	0	0	0	0
1321	0	0	0	0	0	0	0	0
1322	0	0	0	0	0	0	0	0
1323	0	0	0	0	0	0	0	0
1324	0	0	0	1	0	0	0	0
1325	0	0	0	1	0	0	0	0
1326	0	0	0	1	0	0	0	0
1327	0	0	0	1	0	0	0	0
1328	0	0	0	0	0	0	0	0
1329	0	0	0	0	0	0	0	0
1330	0	0	0	1	0	0	0	0
1331	0	0	0	1	0	0	0	0
1332	0	0	0	1	0	0	0	0
1333	0	0	0	1	0	0	0	0
1334	0	0	0	1	0	0	0	0
1335	0	0	0	1	0	0	0	0
1336	0	0	0	1	0	0	0	0
1337	0	0	0	1	0	0	0	0
1338	0	0	0	0	0	0	0	0
1339	0	0	0	1	0	0	0	0
1340	0	0	0	1	0	0	0	0
1341	0	0	0	1	0	0	0	0
1342	0	0	0	1	0	0	0	0
1343	0	0	0	1	0	0	0	0
1344	0	0	0	1	0	0	0	0
1345	0	0	0	1	0	0	0	0
1346	0	0	0	0	0	0	0	0
1347	0	0	0	0	0	0	0	0
1348	0	0	0	0	0	0	0	0
1349	0	0	0	1	0	0	0	0
1350	0	0	0	1	0	0	0	0
1351	0	0	0	1	0	0	0	0
1352	0	0	0	1	0	0	0	0
1353	0	0	0	1	0	0	0	0
1354	0	0	0	1	0	0	0	0
1355	0	0	0	1	0	0	0	0
1356	0	0	0	1	0	0	0	0
1357	0	0	0	1	0	0	0	0
1358	0	0	0	1	0	0	0	0
1359	0	0	0	1	0	0	0	0
1360	0	0	0	1	0	0	0	0
1361	0	0	0	1	0	0	0	0
1362	0	0	0	1	0	0	0	0
1363	0	0	0	1	0	0	0	0
1364	0	0	0	1	0	0	0	0
1365	0	0	0	1	0	0	0	0
1366	0	0	0	1	0	0	0	0
1367	0	0	0	1	0	0	0	0
1368	0	0	0	1	0	0	0	0
1369	0	0	0	1	0	0	0	0
1370	0	0	0	1	0	0	0	0
1371	0	0	0	1	0	0	0	0
1372	0	0	0	1	0	0	0	0
1373	0	0	0	1	0	0	0	0
1374	0	0	0	1	0	0	0	0
1375	0	0	0	1	0	0	0	0
1376	0	0	0	1	0	0	0	0
1377	0	0	0	1	0	0	0	0
1378	0	0	0	0	0	0	0	0
1379	0	0	0	0	0	0	0	0
1380	0	0	0	1	0	0	0	0
1381	0	0	0	1	0	0	0	0
1382	0	0	0	1	0	0	0	0
1383	0	0	0	1	0	0	0	0
1384	0	0	0	1	0	0	0	0
1385	0	0	0	0	0	0	0	0
1386	0	0	0	1	0	0	0	0
1387	0	0	0	1	0	0	0	0
1388	0	0	0	1	0	0	0	0
1389	0	0	0	1	0	0	0	0
1390	0	0	0	1	0	0	0	0
1391	0	0	0	1	0	0	0	0
1392	0	0	0	1	0	0	0	0
1393	0	0	0	1	0	0	0	0
1394	0	0	0	0	0	0	0	0
1395	0	0	0	1	0	0	0	0
1396	0	0	0	1	0	0	0	0
1397	0	0	0	1	0	0	0	0
1398	0	0	0	1	0	0	0	0
1399	0	0	0	1	0	0	0	0
1400	0	0	0	0	0	0	0	0
1401	0	0	0	0	0	0	0	0
1402	0	0	0	1	0	0	0	0
1403	0	0	0	1	0	0	0	0
1404	0	0	0	1	0	0	0	0
1405	0	0	0	1	0	0	0	0
1406	0	0	0	1	0	0	0	0
1407	0	0	0	1	0	0	0	0
1408	0	0	0	1	0	0	0	0
1409	0	0	0	1	0	0	0	0
1410	0	0	0	1	0	0	0	0
1411	0	0	0	1	0	0	0	0
1412	0	0	0	1	0	0	0	0
1413	0	0	0	1	0	0	0	0
1414	0	0	0	1	0	0	0	0
1415	0	0	0	1	0	0	0	0
1416	0	0	0	1	0	0	0	0
1417	0	0	0	1	0	0	0	0
1418	0	0	0	1	0	0	0	0
1419	0	0	0	1	0	0	0	0
1420	0	0	0	1	0	0	0	0
1421	0	0	0	1	0	0	0	0
1422	0	0	0	1	0	0	0	0
1423	0	0	0	1	0	0	0	0
1424	0	0	0	1	0	0	0	0
1425	0	0	0	1	0	0	0	0
1426	0	0	0	1	0	0	0	0
1427	0	0	0	1	0	0	0	0
1428	0	0	0	1	0	0	0	0
1429	0	0	0	1	0	0	0	0
1430	0	0	0	1	0	0	0	0
1431	0	0	0	1	0	0	0	0
1432	0	0	0	1	0	0	0	0
1433	0	0	0	1	0	0	0	0
1434	0	0	0	1	0	0	0	0
1435	0	0	0	1	0	0	0	0
1436	0	0	0	0	0	0	0	0
1437	0	0	0	1	0	0	0	0
1438	0	0	0	1	0	0	0	0
1439	0	0	0	1	0	0	0	0
1440	0	0	0	0	0	0	0	0
1441	0	0	0	0	0	0	0	0
1442	0	0	0	1	0	0	0	0
1443	0	0	0	1	0	0	0	0
1444	0	0	0	1	0	0	0	0
1445	0	0	0	0	0	0	0	0
1446	0	0	0	1	0	0	0	0
1447	0	0	0	1	0	0	0	0
1448	0	0	0	0	0	0	0	0
1449	0	0	0	0	0	0	0	0
1450	0	0	0	1	0	0	0	0
1451	0	0	0	1	0	0	0	0
1452	0	0	0	1	0	0	0	0
1453	0	0	0	1	0	0	0	0
1454	0	0	0	1	0	0	0	0
1455	0	0	0	1	0	0	0	0
1456	0	0	0	0	0	0	0	0
1457	0	0	0	1	0	0	0	0
1458	0	0	0	1	0	0	0	0
1459	0	0	0	1	0	0	0	0
1460	0	0	0	1	0	0	0	0
1461	0	0	0	1	0	0	0	0
1462	0	0	0	1	0	0	0	0
1463	0	0	0	1	0	0	0	0
1464	0	0	0	1	0	0	0	0
1465	0	0	0	1	0	0	0	0
1466	0	0	0	1	0	0	0	0
1467	0	0	0	1	0	0	0	0
1468	0	0	0	1	0	0	0	0
1469	0	0	0	1	0	0	0	0
1470	0	0	0	1	0	0	0	0
1471	0	0	0	1	0	0	0	0
1472	0	0	0	1	0	0	0	0
1473	0	0	0	1	0	0	0	0
1474	0	0	0	1	0	0	0	0
1475	0	0	0	1	0	0	0	0
1476	0	0	0	1	0	0	0	0
1477	0	0	0	1	0	0	0	0
1478	0	0	0	1	0	0	0	0
1479	0	0	0	1	0	0	0	0
1480	0	0	0	1	0	0	0	0
1481	0	0	0	1	0	0	0	0
1482	0	0	0	1	0	0	0	0
1483	0	0	0	1	0	0	0	0
1484	0	0	0	1	0	0	0	0
1485	0	0	0	1	0	0	0	0
1486	0	0	0	1	0	0	0	0
1487	0	0	0	1	0	0	0	0
1488	0	0	0	1	0	0	0	0
1489	0	0	0	1	0	0	0	0
1490	0	0	0	1	0	0	0	0
1491	0	0	0	0	0	0	0	0
1492	0	0	0	1	0	0	0	0
1493	0	0	0	0	0	0	0	0
1494	0	0	0	1	0	0	0	0
1495	0	0	0	1	0	0	0	0
1496	0	0	0	1	0	0	0	0
1497	0	0	0	1	0	0	0	0
1498	0	0	0	1	0	0	0	0
1499	0	0	0	1	0	0	0	0
1500	0	0	0	0	0	0	0	0
1501	0	0	0	1	0	0	0	0
1502	0	0	0	0	0	0	0	0
1503	0	0	0	1	0	0	0	0
1504	0	0	0	1	0	0	0	0
1505	0	0	0	1	0	0	0	0
1506	0	0	0	1	0	0	0	0
1507	0	0	0	1	0	0	0	0
1508	0	0	0	0	0	0	0	0
1509	0	0	0	0	0	0	0	0
1510	0	0	0	0	0	0	0	0
1511	0	0	0	0	0	0	0	0
1512	0	0	0	1	0	0	0	0
1513	0	0	0	0	0	0	0	0
1514	0	0	0	1	0	0	0	0
1515	0	0	0	1	0	0	0	0
1516	0	0	0	1	0	0	0	0
1517	0	0	0	1	0	0	0	0
1518	0	0	0	1	0	0	0	0
1519	0	0	0	1	0	0	0	0
1520	0	0	0	1	0	0	0	0
1521	0	0	0	1	0	0	0	0
1522	0	0	0	1	0	0	0	0
1523	0	0	0	1	0	0	0	0
1524	0	0	0	1	0	0	0	0
1525	0	0	0	1	0	0	0	0
1526	0	0	0	1	0	0	0	0
1527	0	0	0	1	0	0	0	0
1528	0	0	0	1	0	0	0	0
1529	0	0	0	1	0	0	0	0
1530	0	0	0	1	0	0	0	0
1531	0	0	0	1	0	0	0	0
1532	0	0	0	1	0	0	0	0
1533	0	0	0	1	0	0	0	0
1534	0	0	0	1	0	0	0	0
1535	0	0	0	1	0	0	0	0
1536	0	0	0	1	0	0	0	0
1537	0	0	0	1	0	0	0	0
1538	0	0	0	1	0	0	0	0
1539	0	0	0	1	0	0	0	0
1540	0	0	0	0	0	0	0	0
1541	0	0	0	1	0	0	0	0
1542	0	0	0	1	0	0	0	0
1543	0	0	0	1	0	0	0	0
1544	0	0	0	1	0	0	0	0
1545	0	0	0	1	0	0	0	0
1546	0	0	0	1	0	0	0	0
1547	0	0	0	1	0	0	0	0
1548	0	0	0	1	0	0	0	0
1549	0	0	0	1	0	0	0	0
1550	0	0	0	1	0	0	0	0
1551	0	0	0	1	0	0	0	0
1552	0	0	0	1	0	0	0	0
1553	0	0	0	1	0	0	0	0
1554	0	0	0	1	0	0	0	0
1555	0	0	0	1	0	0	0	0
1556	0	0	0	1	0	0	0	0
1557	0	0	0	1	0	0	0	0
1558	0	0	0	1	0	0	0	0
1559	0	0	0	1	0	0	0	0
1560	0	0	0	1	0	0	0	0
1561	0	0	0	1	0	0	0	0
1562	0	0	0	1	0	0	0	0
1563	0	0	0	1	0	0	0	0
1564	0	0	0	1	0	0	0	0
1565	0	0	0	1	0	0	0	0
1566	0	0	0	1	0	0	0	0
1567	0	0	0	1	0	0	0	0
1568	0	0	0	1	0	0	0	0
1569	0	0	0	1	0	0	0	0
1570	0	0	0	1	0	0	0	0
1571	0	0	0	1	0	0	0	0
1572	0	0	0	1	0	0	0	0
1573	0	0	0	1	0	0	0	0
1574	0	0	0	1	0	0	0	0
1575	0	0	0	1	0	0	0	0
1576	0	0	0	1	0	0	0	0
1577	0	0	0	1	0	0	0	0
1578	0	0	0	1	0	0	0	0
1579	0	0	0	1	0	0	0	0
1580	0	0	0	1	0	0	0	0
1581	0	0	0	1	0	0	0	0
1582	0	0	0	1	0	0	0	0
1583	0	0	0	1	0	0	0	0
1584	0	0	0	1	0	0	0	0
1585	0	0	0	1	0	0	0	0
1586	0	0	0	1	0	0	0	0
1587	0	0	0	1	0	0	0	0
1588	0	0	0	1	0	0	0	0
1589	0	0	0	1	0	0	0	0
1590	0	0	0	1	0	0	0	0
1591	0	0	0	1	0	0	0	0
1592	0	0	0	1	0	0	0	0
1593	0	0	0	1	0	0	0	0
1594	0	0	0	1	0	0	0	0
1595	0	0	0	1	0	0	0	0
1596	0	0	0	1	0	0	0	0
1597	0	0	0	1	0	0	0	0
1598	0	0	0	1	0	0	0	0
1599	0	0	0	1	0	0	0	0
1600	0	0	0	1	0	0	0	0
1601	0	0	0	1	0	0	0	0
1602	0	0	0	1	0	0	0	0
1603	0	0	0	1	0	0	0	0
1604	0	0	0	1	0	0	0	0
1605	0	0	0	1	0	0	0	0
1606	0	0	0	1	0	0	0	0
1607	0	0	0	1	0	0	0	0
1608	0	0	0	1	0	0	0	0
1609	0	0	0	1	0	0	0	0
1610	0	0	0	1	0	0	0	0
1611	0	0	0	1	0	0	0	0
1612	0	0	0	1	0	0	0	0
1613	0	0	0	1	0	0	0	0
1614	0	0	0	1	0	0	0	0
1615	0	0	0	1	0	0	0	0
1616	0	0	0	1	0	0	0	0
1617	0	0	0	1	0	0	0	0
1618	0	0	0	1	0	0	0	0
1619	0	0	0	1	0	0	0	0
1620	0	0	0	1	0	0	0	0
1621	0	0	0	1	0	0	0	0
1622	0	0	0	1	0	0	0	0
1623	0	0	0	1	0	0	0	0
1624	0	0	0	1	0	0	0	0
1625	0	0	0	1	0	0	0	0
1626	0	0	0	1	0	0	0	0
1627	673	0	0	17	0	0	1	0
1628	243	243	243	2	0	1	0	0
1629	575	575	575	6	0	1	0	0
1630	1236	1236	1236	8	0	1	0	0
1631	635	635	635	6	0	1	0	0
1632	1009	1009	1009	1	0	0	0	0
1633	0	0	0	0	0	0	0	0
1634	0	0	0	0	0	0	0	0
1635	0	0	0	0	0	0	0	0
1636	0	0	0	0	0	0	0	0
1637	0	0	0	0	0	0	0	0
1638	0	0	0	0	0	0	0	0
1639	0	0	0	0	0	0	0	0
1640	0	0	0	0	0	0	0	0
1641	0	0	0	0	0	0	0	0
1642	0	0	0	0	0	0	0	0
1643	0	0	0	0	0	0	0	0
1644	0	0	0	0	0	0	0	0
1645	0	0	0	0	0	0	0	0
1646	0	0	0	0	0	0	0	0
1647	0	0	0	0	0	0	0	0
1648	0	0	0	0	0	0	0	0
1649	0	0	0	0	0	0	0	0
1650	0	0	0	0	0	0	0	0
1651	0	0	0	0	0	0	0	0
1652	0	0	0	0	0	0	0	0
1653	0	0	0	0	0	0	0	0
1654	0	0	0	0	0	0	0	0
1655	0	0	0	0	0	0	0	0
1656	0	0	0	0	0	0	0	0
1657	0	0	0	0	0	0	0	0
1658	0	0	0	0	0	0	0	0
1659	0	0	0	0	0	0	0	0
1660	0	0	0	0	0	0	0	0
1661	0	0	0	0	0	0	0	0
1662	0	0	0	0	0	0	0	0
1663	0	0	0	0	0	0	0	0
1664	0	0	0	0	0	0	0	0
1665	0	0	0	0	0	0	0	0
1666	0	0	0	0	0	0	0	0
1667	0	0	0	0	0	0	0	0
1668	0	0	0	0	0	0	0	0
1669	0	0	0	0	0	0	0	0
1670	0	0	0	0	0	0	0	0
1671	0	0	0	0	0	0	0	0
1672	0	0	0	0	0	0	0	0
1673	0	0	0	0	0	0	0	0
1674	0	0	0	0	0	0	0	0
1675	0	0	0	0	0	0	0	0
1676	0	0	0	0	0	0	0	0
1677	0	0	0	0	0	0	0	0
1678	0	0	0	0	0	0	0	0
1679	0	0	0	0	0	0	0	0
1680	0	0	0	0	0	0	0	0
1681	0	0	0	0	0	0	0	0
1682	0	0	0	0	0	0	0	0
1683	0	0	0	0	0	0	0	0
1684	0	0	0	0	0	0	0	0
1685	0	0	0	0	0	0	0	0
1686	0	0	0	0	0	0	0	0
1687	0	0	0	0	0	0	0	0
1688	0	0	0	0	0	0	0	0
1689	0	0	0	0	0	0	0	0
1690	0	0	0	0	0	0	0	0
1691	0	0	0	0	0	0	0	0
1692	0	0	0	0	0	0	0	0
1693	0	0	0	0	0	0	0	0
1694	0	0	0	0	0	0	0	0
1695	0	0	0	0	0	0	0	0
1696	0	0	0	0	0	0	0	0
1697	0	0	0	0	0	0	0	0
1698	0	0	0	0	0	0	0	0
1699	0	0	0	0	0	0	0	0
1700	0	0	0	0	0	0	0	0
