0		0	5728	2	2
1	Snow White	14999504	5729	2	2
2	Ash Grey	11315362	5730	2	2
3	Goobbue Grey	9013124	5731	2	2
4	Slate Grey	6645093	5732	2	2
5	Charcoal Grey	4736834	5733	2	2
6	Soot Black	2828579	5734	2	2
7	Rose Pink	15114134	5735	4	2
8	Lilac Purple	8612201	5736	4	2
9	Rolanberry Red	5969705	5737	4	2
10	Dalamud Red	7871002	5738	4	2
11	Rust Red	6431239	5739	4	2
12	Wine Red	4527377	5740	4	2
13	Coral Pink	13397086	5741	4	2
14	Blood Red	9517863	5742	4	2
15	Salmon Pink	14985866	5743	4	2
16	Sunset Orange	12016685	5744	5	2
17	Mesa Red	8206598	5745	5	2
18	Bark Brown	6966071	5746	5	2
19	Chocolate Brown	7224612	5747	5	2
20	Russet Brown	5188895	5748	5	2
21	Kobold Brown	3154203	5749	5	2
22	Cork Brown	13209942	5750	5	2
23	Qiqirn Brown	10055231	5751	5	2
24	Opo-opo Brown	8084525	5752	5	2
25	Aldgoat Brown	10651484	5753	5	2
26	Pumpkin Orange	12940324	5754	5	2
27	Acorn Brown	9328667	5755	5	2
28	Orchard Brown	6570518	5756	5	2
29	Chestnut Brown	4008205	5757	5	2
30	Gobbiebag Brown	12166281	5758	5	2
31	Shale Brown	9601388	5759	5	2
32	Mole Brown	6378053	5760	5	2
33	Loam Brown	4141865	5761	5	2
34	Bone White	15455136	5762	6	2
35	Ul Brown	12034928	5763	6	2
36	Desert Yellow	14398551	5764	6	2
37	Honey Yellow	16434731	5765	6	2
38	Millioncorn Yellow	14982708	5766	6	2
39	Coeurl Yellow	12355588	5767	6	2
40	Cream Yellow	15914864	5768	6	2
41	Halatali Yellow	10847280	5769	6	2
42	Raisin Brown	4207377	5770	6	2
43	Mud Green	5788208	5771	7	2
44	Sylph Green	12303242	5772	7	2
45	Lime Green	11251796	5773	7	2
46	Moss Green	7369510	5774	7	2
47	Meadow Green	9149539	5775	7	2
48	Olive Green	4936242	5776	7	2
49	Marsh Green	3290657	5777	7	2
50	Apple Green	10204003	5778	7	2
51	Cactuar Green	6652481	5779	7	2
52	Hunter Green	2640684	5780	7	2
53	Ochu Green	4219705	5781	7	2
54	Adamantoise Green	6255960	5782	7	2
55	Nophica Green	3886396	5783	7	2
56	Deepwood Green	1976865	5784	7	2
57	Celeste Green	9878969	5785	7	2
58	Turquoise Green	4420210	5786	7	2
59	Morbol Green	2049606	5787	7	2
60	Ice Blue	11715790	5788	8	2
61	Sky Blue	8630482	5789	8	2
62	Seafog Blue	6586784	5790	8	2
63	Peacock Blue	3893382	5791	8	2
64	Rhotano Blue	1850708	5792	8	2
65	Corpse Blue	9345964	5793	8	2
66	Ceruleum Blue	5199718	5794	8	2
67	Woad Blue	3094609	5795	8	2
68	Ink Blue	1711911	5796	8	2
69	Raptor Blue	5996480	5797	8	2
70	Othard Blue	3102857	5798	8	2
71	Storm Blue	2310514	5799	8	2
72	Void Blue	1124676	5800	8	2
73	Royal Blue	2568295	5801	8	2
74	Midnight Blue	1579319	5802	8	2
75	Shadow Blue	3618631	5803	8	2
76	Abyssal Blue	3222871	5804	8	2
77	Lavender Purple	8880046	5805	9	2
78	Gloom Purple	5326176	5806	9	2
79	Currant Purple	3288123	5807	9	2
80	Iris Purple	12033724	5808	9	2
81	Grape Purple	3877437	5809	9	2
82	Lotus Pink	16699125	5810	9	2
83	Colibri Pink	14457802	5811	9	2
84	Plum Purple	7950956	5812	9	2
85	Regal Purple	6697038	5813	9	2
86		0	0	0	2
87		0	0	0	2
88		0	0	0	2
89		0	0	0	2
90		0	0	0	2
91		0	0	0	2
92		0	0	0	2
93		0	0	0	2
94		0	0	0	2
95		0	0	0	2
96		0	0	0	2
97		0	0	0	2
98		0	0	0	2
99		0	0	0	2
100		0	0	0	2
101	Pure White	16382196	8732	10	2
102	Jet Black	1973790	8733	10	2
103	Pastel Pink	16632006	8734	10	2
104	Dark Red	3283225	8735	0	2
105	Dark Brown	2629916	8736	0	2
106	Pastel Green	12242858	8737	10	2
107	Dark Green	1387564	8738	0	2
108	Pastel Blue	9872601	8739	10	2
109	Dark Blue	1187629	8740	0	2
110	Pastel Purple	12301786	8741	10	2
111	Dark Purple	2301990	8742	0	2
112	Metallic Silver	10987431	8743	10	1
113	Metallic Gold	15590973	8744	10	1
114	Metallic Red	11935051	8745	10	1
115	Metallic Orange	14978095	8746	0	1
116	Metallic Yellow	16046662	8747	0	1
117	Metallic Green	2271063	8748	10	1
118	Metallic Sky Blue	6214886	8749	0	1
119	Metallic Blue	5264089	8750	10	1
120	Metallic Purple	10708674	8751	0	1
